1.000000000000000021e-03 5.332999918439416006e-39
1.011591112223829674e-03 5.092740612159491600e-39
1.023316578330244831e-03 4.863305332689795037e-39
1.035177955630176309e-03 4.644206442077971976e-39
1.047176819485520164e-03 4.434978271161711001e-39
1.059314763518370058e-03 4.235176129843181257e-39
1.071593399822671090e-03 4.044375361952082702e-39
1.084014359178331072e-03 3.862170442688408506e-39
1.096579291267809871e-03 3.688174116726770457e-39
1.109289864895222780e-03 3.522016575150304900e-39
1.122147768207980290e-03 3.363344669464929943e-39
1.135154708920998925e-03 3.211821161023374229e-39
1.148312414543511137e-03 3.067124004263720400e-39
1.161622632608501782e-03 2.928945662239105169e-39
1.175087130904807617e-03 2.796992452983763593e-39
1.188707697711903228e-03 2.670983925326247787e-39
1.202486142037412220e-03 2.550652262823125817e-39
1.216424293857367930e-03 2.435741714546355474e-39
1.230524004359261634e-03 2.326008051514481108e-39
1.244787146187906202e-03 2.221218047612398298e-39
1.259215613694150996e-03 2.121148983896419514e-39
1.273811323186478574e-03 2.025588175231116018e-39
1.288576213185518111e-03 1.934332518251845630e-39
1.303512244681508938e-03 1.847188059692220011e-39
1.318621401394748458e-03 1.763969584159035067e-39
1.333905690039058692e-03 1.684500220478540203e-39
1.349367140588306375e-03 1.608611065777366374e-39
1.365007806546013683e-03 1.536140826499151034e-39
1.380829765218092317e-03 1.466935475593879977e-39
1.396835117988739789e-03 1.400847925151343109e-39
1.413025990599533653e-03 1.337737713782917971e-39
1.429404533431761007e-03 1.277470708087257368e-39
1.445972921792019680e-03 1.219918817565375354e-39
1.462733356201129922e-03 1.164959722379219522e-39
1.479688062686396275e-03 1.112476613375105578e-39
1.496839293077255632e-03 1.062357943819473754e-39
1.514189325304352018e-03 1.014497192319308762e-39
1.531740463702079740e-03 9.687926364233257410e-40
1.549495039314631537e-03 9.251471364227571600e-40
1.567455410205594903e-03 8.834679288922212548e-40
1.585623961771137104e-03 8.436664295318690706e-40
1.604003107056819902e-03 8.056580448917793753e-40
1.622595287078087110e-03 7.693619925784376329e-40
1.641402971144466415e-03 7.347011295611714979e-40
1.660428657187529473e-03 7.016017882136288818e-40
1.679674872092653225e-03 6.699936197418213951e-40
1.699144172034625999e-03 6.398094446659627018e-40
1.718839142817145697e-03 6.109851100383088558e-40
1.738762400216250364e-03 5.834593530935466356e-40
1.758916590327732569e-03 5.571736710419216953e-40
1.779304389918577242e-03 5.320721967283788069e-40
1.799928506782476562e-03 5.081015798934308827e-40
1.820791680099462413e-03 4.852108737834020453e-40
1.841896680799710861e-03 4.633514268690365402e-40
1.863246311931559835e-03 4.424767794423436212e-40
1.884843409033795311e-03 4.225425648719026457e-40
1.906690840512251977e-03 4.035064153067559112e-40
1.928791508020777801e-03 3.853278716284800014e-40
1.951148346846616304e-03 3.679682974600433265e-40
1.973764326300255292e-03 3.513907970486885146e-40
1.996642450109793483e-03 3.355601368483092967e-40
2.019785756819878538e-03 3.204426706346542690e-40
2.043197320195270540e-03 3.060062679941971606e-40
2.066880249629082268e-03 2.922202460346870698e-40
2.090837690555750073e-03 2.790553041722359980e-40
2.115072824868794756e-03 2.664834618563420514e-40
2.139588871343421454e-03 2.544779991004898118e-40
2.164389086064020130e-03 2.430133996919323203e-40
2.189476762856620851e-03 2.320652969599536697e-40
2.214855233726359396e-03 2.216104219873506155e-40
2.240527869300018224e-03 2.116265541550591884e-40
2.266498079273692682e-03 2.020924739148187038e-40
2.292769312865648810e-03 1.929879176894937977e-40
2.319345059274427381e-03 1.842935348052033933e-40
2.346228848142262267e-03 1.759908463637168763e-40
2.373424250023866040e-03 1.680622059677097182e-40
2.400934876860651764e-03 1.604907622154018591e-40
2.428764382460450386e-03 1.532604228848668508e-40
2.456916462982790088e-03 1.463558207318888432e-40
2.485394857429798314e-03 1.397622808286758689e-40
2.514203348142796720e-03 1.334657893740104645e-40
2.543345761304648036e-03 1.274529639085482827e-40
2.572825967447932034e-03 1.217110248719594142e-40
2.602647881969004373e-03 1.162277684414626512e-40
2.632815465648019864e-03 1.109915405940215488e-40
2.663332725174980854e-03 1.059912123370764729e-40
2.694203713681882304e-03 1.012161560551677621e-40
2.725432531281027707e-03 9.665622292217693647e-41
2.757023325609582638e-03 9.230172133117947305e-41
2.788980292380439669e-03 8.814339629606355140e-41
2.821307675939470957e-03 8.417240978113516529e-41
2.854009769829237483e-03 8.038032191690312754e-41
2.887090917359234725e-03 7.675907306211964701e-41
2.920555512182745027e-03 7.330096667395205985e-41
2.954407998880379926e-03 6.999865294987753443e-41
2.988652873550382699e-03 6.684511320653431477e-41
3.023294684405776565e-03 6.383364496232781567e-41
3.058338032378431822e-03 6.095784769208696040e-41
3.093787571730136510e-03 5.821160922349360305e-41
3.129648010670750373e-03 5.558909274637223753e-41
3.165924111983520629e-03 5.308472440723024704e-41
3.202620693657650189e-03 5.069318146268144782e-41
3.239742629528195514e-03 4.840938096657521317e-41
3.277294849923382148e-03 4.622846896678662359e-41
3.315282342319423366e-03 4.414581018870667713e-41
3.353710152002928671e-03 4.215697818350613485e-41
3.392583382740991908e-03 4.025774592023419166e-41
3.431907197459042706e-03 3.844407680175671122e-41
3.471686818926559247e-03 3.671211608543915418e-41
3.511927530450727804e-03 3.505818269034023536e-41
3.552634676578139260e-03 3.347876137350326488e-41
3.593813663804625805e-03 3.197049525871662752e-41
3.635469961293317630e-03 3.053017870186458706e-41
3.677609101601030626e-03 2.915475047770401555e-41
3.720236681413065759e-03 2.784128727358688727e-41
3.763358362286532872e-03 2.658699747629966356e-41
3.806979871402283930e-03 2.538921523881468696e-41
3.851107002325568872e-03 2.424539481434282222e-41
3.895745615775501273e-03 2.315310514564520558e-41
3.940901640403447412e-03 2.211002469810432135e-41
3.986581073580438943e-03 2.111393652557249160e-41
4.032789982193705006e-03 2.016272355851121706e-41
4.079534503452449112e-03 1.925436410440632691e-41
4.126820845702951907e-03 1.838692755089618008e-41
4.174655289253134671e-03 1.755857026247984471e-41
4.223044187206672490e-03 1.676753166208466272e-41
4.271993966306776754e-03 1.601213048916472678e-41
4.321511127789762381e-03 1.529076122637741202e-41
4.371602248248502090e-03 1.460189068724327785e-41
4.422273980505896963e-03 1.394405475753676983e-41
4.473533054498463057e-03 1.331585528348198787e-41
4.525386278170166754e-03 1.271595710013965291e-41
4.577840538376616412e-03 1.214308519366954733e-41
4.630902801799736956e-03 1.159602199143710029e-41
4.684580115873045354e-03 1.107360477420454522e-41
4.738879609717651029e-03 1.057472320490662208e-41
4.793808495089106961e-03 1.009831696875841938e-41
4.849374067335232921e-03 9.643373519679828634e-42
4.905583706365045267e-03 9.208925928246735591e-42
4.962444877628913002e-03 8.794050826595161072e-42
5.019965133110078880e-03 8.397866445910389023e-42
5.078152112327670442e-03 8.019530742330033261e-42
5.137013543351338918e-03 7.658239607277870901e-42
5.196557243827657803e-03 7.313225158424706097e-42
5.256791122018419048e-03 6.983754107643898594e-42
5.317723177850966487e-03 6.669126202492819911e-42
5.379361503980697491e-03 6.368672737907858803e-42
5.441714286865887221e-03 6.081755134949646037e-42
5.504789807854967333e-03 5.807763583577901903e-42
5.568596444286409188e-03 5.546115746571168760e-42
5.633142670601352063e-03 5.296255521836893069e-42
5.698437059469135986e-03 5.057651860481135776e-42
5.764488282925873605e-03 4.829797638126000225e-42
5.831305113526218976e-03 4.612208577075812467e-42
5.898896425508493718e-03 4.404422217041255371e-42
5.967271195973310183e-03 4.205996932233867306e-42
6.036438506075864248e-03 4.016510992741836844e-42
6.106407542232036509e-03 3.835561668192189350e-42
6.177187597338488351e-03 3.662764371794244860e-42
6.248788072006888211e-03 3.497751842945177094e-42
6.321218475812448445e-03 3.340173366660350808e-42
6.394488428556942793e-03 3.189694028169434899e-42
6.468607661546327617e-03 3.045994001094094536e-42
6.543586018883235794e-03 2.908767867694182500e-42
6.619433458774394430e-03 2.777723969737921027e-42
6.696160054853222271e-03 2.652583788616275290e-42
6.773775997517751668e-03 2.533081353384063667e-42
6.852291595284064167e-03 2.418962675469668752e-42
6.931717276155407136e-03 2.309985208851891128e-42
7.012063589007183975e-03 2.205917334556607150e-42
7.093341204987996598e-03 2.106537868377597727e-42
7.175560918936928385e-03 2.011635590775253097e-42
7.258733650817253240e-03 1.921008797954026605e-42
7.342870447166765027e-03 1.834464873164487228e-42
7.427982482564918221e-03 1.751819877318827771e-42
7.514081061116969704e-03 1.672898158049743392e-42
7.601177617955329896e-03 1.597531976381760382e-42
7.689283720758313158e-03 1.525561150221556008e-42
7.778411071286490432e-03 1.456832713909563362e-42
7.868571506936851423e-03 1.391200593109252752e-42
7.959777002314986222e-03 1.328525294343123758e-42
8.052039670825477183e-03 1.268673608515550739e-42
8.145371766280745662e-03 1.211518327792338412e-42
8.239785684528520143e-03 1.156937975235276371e-42
8.335293965098196367e-03 1.104816546617029729e-42
8.431909292866260341e-03 1.055043263867650548e-42
8.529644499741025759e-03 1.007512339628673289e-42
8.628512566366895731e-03 9.621227524143872489e-43
8.728526623848379545e-03 9.187780319024189288e-43
8.829699955494091715e-03 8.773860538972787081e-43
8.932045998580969218e-03 8.378588445310966594e-43
9.035578346138930725e-03 8.001123932853971704e-43
9.140310748756232812e-03 7.640664744365085859e-43
9.246257116405743465e-03 7.296444765451158514e-43
9.353431520292386156e-03 6.967732396275533188e-43
9.461848194722002545e-03 6.653828996627638268e-43
9.571521538991866265e-03 6.354067401044458994e-43
9.682466119303123619e-03 6.067810500827875207e-43
9.794696670695395360e-03 5.794449889944182606e-43
9.908228099003798042e-03 5.533404571927787768e-43
1.002307548283865382e-02 5.284119725040751239e-43
1.013925407558815411e-02 5.046065523063641015e-43
1.025677930744421824e-02 4.818736009211496789e-43
1.037566678745185933e-02 4.601648020781449264e-43
1.049593230558227772e-02 4.394340162246559190e-43
1.061759183483000114e-02 4.196371824613219167e-43
1.074066153333433360e-02 4.007322248957919840e-43
1.086515774652538346e-02 3.826789632153047152e-43
1.099109700929497280e-02 3.654390272881001438e-43
1.111849604819271052e-02 3.489757756121615226e-43
1.124737178364751920e-02 3.332542174379580937e-43
1.137774133221491381e-02 3.182409383996708237e-43
1.150962200885032385e-02 3.039040294968374298e-43
1.164303132920876775e-02 2.902130192754778505e-43
1.177798701197119331e-02 2.771388090645552527e-43
1.191450698119776025e-02 2.646536111301302319e-43
1.205260936870842549e-02 2.527308896157570125e-43
1.219231251649110712e-02 2.413453041436008625e-43
1.233363497913776002e-02 2.304726559564063139e-43
1.247659552630869806e-02 2.200898364858464006e-43
1.262121314522547319e-02 2.101747782379426349e-43
1.276750704319265690e-02 2.007064078911663430e-43
1.291549665014883955e-02 1.916646015075390897e-43
1.306520162124721190e-02 1.830301417615365469e-43
1.321664183946605169e-02 1.747846770958924688e-43
1.336983741824946531e-02 1.669106827174918091e-43
1.352480870417875451e-02 1.593914233504552086e-43
1.368157627967471826e-02 1.522109176672507708e-43
1.384016096573131502e-02 1.453539043222347210e-43
1.400058382468097502e-02 1.388058095154310636e-43
1.416286616299198761e-02 1.325527160176085492e-43
1.432702953409830879e-02 1.265813335908229163e-43
1.449309574126216547e-02 1.208789707415561431e-43
1.466108684046984502e-02 1.154335077464175763e-43
1.483102514336104467e-02 1.102333708930759828e-43
1.500293322019218348e-02 1.052675078816742851e-43
1.517683390283405299e-02 1.005253643344466641e-43
1.535275028780422671e-02 9.599686136361024907e-44
1.553070573933460104e-02 9.167237414985666651e-44
1.571072389247450338e-02 8.754271148591256144e-44
1.589282865622978005e-02 8.359909624169211033e-44
1.607704421673823714e-02 7.983314670952329967e-44
1.626339504048192330e-02 7.623685878979775460e-44
1.645190587753662601e-02 7.280258897918301412e-44
1.664260176485903714e-02 6.952303812524056789e-44
1.683550802961202367e-02 6.639123591292119008e-44
1.703065029252844378e-02 6.340052604996644182e-44
1.722805447131393886e-02 6.054455211972901039e-44
1.742774678408919031e-02 5.781724407134372881e-44
1.762975375287205784e-02 5.521280531853600470e-44
1.783410220710008112e-02 5.272570041964751960e-44
1.804081928719382735e-02 5.035064331269423416e-44
1.824993244816152521e-02 4.808258608045233496e-44
1.846146946324547441e-02 4.591670822169299956e-44
1.867545842761075825e-02 4.384840640576341296e-44
1.889192776207666499e-02 4.187328468873896327e-44
1.911090621689138028e-02 3.998714517035169419e-44
1.933242287555045347e-02 3.818597907183740231e-44
1.955650715865949255e-02 3.646595821573889593e-44
1.978318882784164262e-02 3.482342688955625166e-44
2.001249798969037194e-02 3.325489407595119568e-44
2.024446509976803726e-02 3.175702603299231559e-44
2.047912096665085308e-02 3.032663920867052380e-44
2.071649675602068794e-02 2.896069347462609082e-44
2.095662399480432980e-02 2.765628566470592500e-44
2.119953457536070951e-02 2.641064340461808880e-44
2.144526075971667570e-02 2.522111921956942814e-44
2.169383518385184506e-02 2.408518490736245169e-44
2.194529086203313509e-02 2.300042616499243781e-44
2.219966119119954825e-02 2.196453745732394297e-44
2.245697995539773853e-02 2.097531711694104172e-44
2.271728133026905058e-02 2.003066266475613117e-44
2.298059988758851049e-02 1.912856634143226454e-44
2.324697059985647921e-02 1.826711084012117640e-44
2.351642884494348565e-02 1.744446523144780879e-44
2.378901041078893344e-02 1.665888107207992631e-44
2.406475150015424322e-02 1.590868868861249783e-44
2.434368873543110365e-02 1.519229362886832474e-44
2.462585916350546605e-02 1.450817327307270112e-44
2.491130026067788633e-02 1.385487359769961017e-44
2.520004993764092191e-02 1.323100608511126275e-44
2.549214654451423256e-02 1.263524477242282682e-44
2.578762887593800956e-02 1.206632343332010849e-44
2.608653617622547910e-02 1.152303288684036566e-44
2.638890814457510448e-02 1.100421842739647431e-44
2.669478494034320873e-02 1.050877737058217339e-44
2.700420718837772543e-02 1.003565670954235402e-44
2.731721598441376117e-02 9.583850876927241272e-45
2.763385290053169824e-02 9.152399607673783784e-45
2.795415999067856622e-02 8.740385898071802106e-45
2.827817979625341094e-02 8.346934056777210291e-45
2.860595535175742068e-02 7.971207843629816187e-45
2.893753019050950351e-02 7.612408692320170233e-45
2.927294835042815874e-02 7.269774013127775090e-45
2.961225437988034351e-02 6.942575572123405674e-45
2.995549334359813229e-02 6.630117943390729709e-45
3.030271082866396390e-02 6.331737030977556271e-45
3.065395295056526706e-02 6.046798657435334171e-45
3.100926635931926592e-02 5.774697215946968754e-45
3.136869824566876352e-02 5.514854383178257956e-45
3.173229634734976018e-02 5.266717890117207457e-45
3.210010895543171511e-02 5.029760348288823624e-45
3.247218492073129098e-02 4.803478128850639668e-45
3.284857366030043829e-02 4.587390292186594422e-45
3.322932516398971470e-02 4.381037565724258796e-45
3.361449000108764767e-02 4.183981367802878723e-45
3.400411932703706341e-02 3.995802875517588351e-45
3.439826489022924233e-02 3.816102134558581436e-45
3.479697903887691429e-02 3.644497209153301783e-45
3.520031472796678745e-02 3.480623370305006230e-45
3.560832552629277642e-02 3.324132320602326255e-45
3.602106562357069997e-02 3.174691453952295491e-45
3.643858983763544751e-02 3.031983148663477563e-45
3.686095362172157885e-02 2.895704092376728744e-45
3.728821307182833555e-02 2.765564637408789018e-45
3.772042493416997294e-02 2.641288185138607027e-45
3.815764661271248137e-02 2.522610598127941506e-45
3.859993617679767508e-02 2.409279638726777199e-45
3.904735236885559929e-02 2.301054432970400369e-45
3.949995461220642823e-02 2.197704958628664956e-45
3.995780301895269365e-02 2.099011556319406188e-45
4.042095839796307905e-02 2.004764462646890013e-45
4.088948226294862598e-02 1.914763364373077478e-45
4.136343684063275433e-02 1.828816972674081322e-45
4.184288507901582493e-02 1.746742616577022274e-45
4.232789065573550752e-02 1.668365854713143793e-45
4.281851798652413360e-02 1.593520104561996597e-45
4.331483223376400571e-02 1.522046288398732324e-45
4.381689931514192587e-02 1.453792495191970439e-45
4.432478591240398419e-02 1.388613657733672753e-45
4.483855948021188420e-02 1.326371244314779566e-45
4.535828825510188761e-02 1.266932964291309001e-45
4.588404126454759258e-02 1.210172486915136844e-45
4.641588833612779463e-02 1.155969172831856998e-45
4.695390010680060289e-02 1.104207817675053851e-45
4.749814803228501886e-02 1.054778407212033372e-45
4.804870439655131720e-02 1.007575883520588703e-45
4.860564232142136620e-02 9.624999216998514101e-46
4.916903577628028987e-02 9.194547166406405458e-46
4.973895958790065103e-02 8.783487794021218702e-46
5.031548945038054332e-02 8.390947427619942025e-46
5.089870193519682035e-02 8.016091755269301277e-46
5.148867450137494667e-02 7.658124052085954498e-46
5.208548550577662972e-02 7.316283486883811199e-46
5.268921421350674511e-02 6.989843505109323154e-46
5.329994080844090154e-02 6.678110284627950396e-46
5.391774640387502621e-02 6.380421261079668259e-46
5.454271305329833758e-02 6.096143719669438487e-46
5.517492376129125992e-02 5.824673450399524998e-46
5.581446249454963954e-02 5.565433463885604605e-46
5.646141419303669917e-02 5.317872765027257434e-46
5.711586478126431943e-02 5.081465181926388528e-46
5.777790117970504208e-02 4.855708247564597788e-46
5.844761131633634255e-02 4.640122131862666567e-46
5.912508413831878140e-02 4.434248621852283421e-46
5.981040962380940879e-02 4.237650147792602028e-46
6.050367879391221199e-02 4.049908853161633150e-46
6.120498372476699395e-02 3.870625706545930517e-46
6.191441755977844519e-02 3.699419653540948082e-46
6.263207452198689407e-02 3.535926806859550487e-46
6.335804992658250478e-02 3.379799672927321880e-46
6.409244019356453992e-02 3.230706413320903650e-46
6.483534286054723483e-02 3.088330139479660705e-46
6.558685659571432403e-02 2.952368239191582259e-46
6.634708121092347533e-02 2.822531733422043093e-46
6.711611767496283854e-02 2.698544662118356023e-46
6.789406812696109628e-02 2.580143497684756056e-46
6.868103588995304321e-02 2.467076584881210131e-46
6.947712548460235893e-02 2.359103605955614541e-46
7.028244264308348976e-02 2.255995069872592636e-46
7.109709432312434629e-02 2.157531824553301812e-46
7.192118872221189840e-02 2.063504591089552612e-46
7.275483529196229149e-02 1.973713518942299770e-46
7.359814475265767653e-02 1.887967761179089185e-46
7.445122910795139159e-02 1.806085068847709744e-46
7.531420165974371528e-02 1.727891403623916601e-46
7.618717702322995444e-02 1.653220567909957532e-46
7.707027114212298968e-02 1.581913851597722408e-46
7.796360130405233235e-02 1.513819694745738542e-46
7.886728615614152504e-02 1.448793365453087115e-46
7.978144572076624474e-02 1.386696652245580829e-46
8.070620141149503768e-02 1.327397570320408733e-46
8.164167604921468424e-02 1.270770081024917594e-46
8.258799387844267814e-02 1.216693823973287940e-46
8.354528058382866551e-02 1.165053861231768500e-46
8.451366330684717543e-02 1.115740433028756220e-46
8.549327066268380682e-02 1.068648724470511772e-46
8.648423275731721704e-02 1.023678642766686373e-46
8.748668120479910493e-02 9.807346044921827581e-47
8.850074914473433918e-02 9.397253324331986674e-47
8.952657125996396625e-02 9.005636615856638740e-47
9.056428379445288779e-02 8.631663538937560242e-47
9.161402457138516364e-02 8.274539213347235968e-47
9.267593301146878626e-02 7.933504569740212999e-47
9.375015015145284070e-02 7.607834736316690197e-47
9.483681866285922912e-02 7.296837498169448161e-47
9.593608287093141618e-02 6.999851826039632231e-47
9.704808877380301235e-02 6.716246471354362255e-47
9.817298406188836035e-02 6.445418624560139820e-47
9.931091813749795549e-02 6.186792633900453443e-47
1.004620421346813092e-01 5.939818781914463162e-47
1.016265089392995175e-01 5.703972117056402714e-47
1.028044732093309765e-01 5.478751337952341852e-47
1.039960913954120353e-01 5.263677727923021066e-47
1.052015217616159015e-01 5.058294137508124665e-47
1.064209244064724669e-01 4.862164012829466227e-47
1.076544612842315896e-01 4.674870467728031311e-47
1.089022962263730548e-01 4.496015397702708573e-47
1.101645949633656973e-01 4.325218633767568497e-47
1.114415251466788076e-01 4.162117134429257754e-47
1.127332563710487096e-01 4.006364214067133457e-47
1.140399601970033122e-01 3.857628806076182698e-47
1.153618101736478552e-01 3.715594759206569923e-47
1.166989818617147484e-01 3.579960165604271836e-47
1.180516528568805595e-01 3.450436719124632894e-47
1.194200028133532432e-01 3.326749102554981552e-47
1.208042134677328877e-01 3.208634402443920575e-47
1.222044686631488658e-01 3.095841550293579034e-47
1.236209543736769140e-01 2.988130788927119292e-47
1.250538587290391246e-01 2.885273162897330601e-47
1.265033720395903893e-01 2.787050031853215396e-47
1.279696868215941530e-01 2.693252605830301198e-47
1.294529978227915989e-01 2.603681501476928070e-47
1.309535020482667789e-01 2.518146318273386457e-47
1.324713987866117382e-01 2.436465233843150181e-47
1.340068896363950657e-01 2.358464617496082276e-47
1.355601785329368925e-01 2.283978661182273866e-47
1.371314717753945589e-01 2.212849027072090887e-47
1.387209780541620863e-01 2.144924511013438711e-47
1.403289084785873109e-01 2.080060721150925095e-47
1.419554766050101502e-01 2.018119771023878444e-47
1.436008984651260534e-01 1.958969986490905965e-47
1.452653925946781333e-01 1.902485625858110414e-47
1.469491800624817268e-01 1.848546612616111314e-47
1.486524844997857142e-01 1.797038280217818714e-47
1.503755321299738434e-01 1.747851128354529411e-47
1.521185517986104740e-01 1.700880590212311929e-47
1.538817750038346255e-01 1.656026810214010111e-47
1.556654359271062160e-01 1.613194431774478885e-47
1.574697714643086832e-01 1.572292394617939051e-47
1.592950212572122881e-01 1.533233741226665748e-47
1.611414277253019889e-01 1.495935432009630649e-47
1.630092360979741029e-01 1.460318168798265188e-47
1.648986944471065030e-01 1.426306226294180370e-47
1.668100537200059019e-01 1.393827291110613832e-47
1.687435677727375793e-01 1.362812308065484654e-47
1.706994934038408018e-01 1.333195333399381162e-47
1.726780903884355955e-01 1.304913394606482839e-47
1.746796215127245644e-01 1.277906356580517423e-47
1.767043526088946659e-01 1.252116793791243035e-47
1.787525525904235524e-01 1.227489868219777916e-47
1.808244934877951682e-01 1.203973212793335904e-47
1.829204504846293766e-01 1.181516820071615067e-47
1.850407019542302245e-01 1.160072935948247249e-47
1.871855294965579231e-01 1.139595958141378087e-47
1.893552179756295140e-01 1.120042339257620198e-47
1.915500555573527997e-01 1.101370494223350572e-47
1.937703337477988952e-01 1.083540711886598182e-47
1.960163474319185639e-01 1.066515070601633171e-47
1.982883949127071388e-01 1.050257357616838244e-47
2.005867779508233861e-01 1.034732992094522356e-47
2.029118018046678074e-01 1.019908951599053932e-47
2.052637752709252084e-01 1.005753701897069516e-47
2.076430107255774760e-01 9.922371299205442666e-48
2.100498241653915299e-01 9.793304797502415745e-48
2.124845352498882789e-01 9.670062914834700980e-48
2.149474673437980488e-01 9.552383428562144496e-48
2.174389475600080057e-01 9.440015934955544364e-48
2.199593068030074872e-01 9.332721316838791060e-48
2.225088798128369294e-01 9.230271235217430704e-48
2.250880052095461659e-01 9.132447643813059727e-48
2.276970255381680075e-01 9.039042325471694813e-48
2.303362873142131284e-01 8.949856449460684193e-48
2.330061410696924740e-01 8.864700148713211221e-48
2.357069413996727703e-01 8.783392116121739420e-48
2.384390470093720460e-01 8.705759219022296234e-48
2.412028207618006903e-01 8.631636131050155652e-48
2.439986297259550130e-01 8.560864980584351212e-48
2.468268452255692469e-01 8.493295015033749507e-48
2.496878428884326817e-01 8.428782280251080583e-48
2.525820026962784515e-01 8.367189314393443054e-48
2.555097090352507205e-01 8.308384855578532794e-48
2.584713507469563742e-01 8.252243562715161479e-48
2.614673211801092356e-01 8.198645748914604463e-48
2.644980182427719706e-01 8.147477126916098306e-48
2.675638444552045359e-01 8.098628565985284945e-48
2.706652070033241375e-01 8.051995859768855249e-48
2.738025177927857490e-01 8.007479504611841194e-48
2.769761935036890721e-01 7.964984487866324916e-48
2.801866556459195468e-01 7.924420085741503290e-48
2.834343306151309028e-01 7.885699670265372361e-48
2.867196497493769702e-01 7.848740524947610413e-48
2.900430493863991877e-01 7.813463668751789582e-48
2.934049709215786894e-01 7.779793688002629616e-48
2.968058608665602449e-01 7.747658575870940753e-48
3.002461709085549324e-01 7.716989579094987775e-48
3.037263579703311511e-01 7.687721051612320480e-48
3.072468842709003556e-01 7.659790314790912529e-48
3.108082173869063936e-01 7.633137523962385542e-48
3.144108303147264971e-01 7.607705540973518564e-48
3.180552015332919757e-01 7.583439812485041518e-48
3.217418150676371602e-01 7.560288253758892345e-48
3.254711605531848129e-01 7.538201137686833065e-48
3.292437333007768863e-01 7.517130988824386529e-48
3.330600343624588455e-01 7.497032482204755066e-48
3.369205705980267140e-01 7.477862346717484923e-48
3.408258547423451690e-01 7.459579272846418538e-48
3.447764054734464012e-01 7.442143824570608246e-48
3.487727474814177331e-01 7.425518355240860411e-48
3.528154115380883193e-01 7.409666927252907154e-48
3.569049345675229801e-01 7.394555235346334066e-48
3.610418597173337130e-01 7.380150533366067765e-48
3.652267364308175446e-01 7.366421564330585372e-48
3.694601205199302685e-01 7.353338493658049010e-48
3.737425742391063954e-01 7.340872845408264213e-48
3.780746663599349189e-01 7.328997441404745826e-48
3.824569722466998889e-01 7.317686343107332356e-48
3.868900739327975624e-01 7.306914796111618923e-48
3.913745601980384015e-01 7.296659177157031103e-48
3.959110266468458539e-01 7.286896943530724402e-48
4.005000757873611317e-01 7.277606584759553961e-48
4.051423171114647559e-01 7.268767576487252436e-48
4.098383671757261371e-01 7.260360336438566540e-48
4.145888496832911274e-01 7.252366182376500196e-48
4.193943955667186474e-01 7.244767291963154965e-48
4.242556430717777105e-01 7.237546664438555111e-48
4.291732378422157268e-01 7.230688084035834912e-48
4.341478330055092427e-01 7.224176085054731934e-48
4.391800892596086081e-01 7.217995918518982320e-48
4.442706749606882832e-01 7.212133520346413198e-48
4.494202662119142211e-01 7.206575480963911066e-48
4.546295469532399269e-01 7.201309016302369336e-48
4.598992090522438514e-01 7.196321940109700900e-48
4.652299523960189420e-01 7.191602637522846909e-48
4.706224849841281754e-01 7.187140039842254410e-48
4.760775230226367838e-01 7.182923600454997427e-48
4.815957910192351088e-01 7.178943271855026558e-48
4.871780218794630746e-01 7.175189483711415686e-48
4.928249570040513228e-01 7.171653121937714382e-48
4.985373463873893907e-01 7.168325508717560200e-48
5.043159487171359201e-01 7.165198383443823538e-48
5.101615314749833319e-01 7.162263884530403986e-48
5.160748710385907323e-01 7.159514532057717464e-48
5.220567527846975420e-01 7.156943211214639375e-48
5.281079711934331122e-01 7.154543156501337790e-48
5.342293299538352080e-01 7.152307936659101866e-48
5.404216420705915125e-01 7.150231440294728068e-48
5.466857299720180308e-01 7.148307862168561788e-48
5.530224256192900478e-01 7.146531690116673947e-48
5.594325706169377410e-01 7.144897692578942940e-48
5.659170163246242113e-01 7.143400906706183292e-48
5.724766239702178128e-01 7.142036627020586660e-48
5.791122647641758769e-01 7.140800394605010971e-48
5.858248200152536000e-01 7.139687986797631870e-48
5.926151812475553005e-01 7.138695407369693417e-48
5.994842503189409255e-01 7.137818877164976122e-48
6.064329395408061263e-01 7.137054825180659082e-48
6.134621717992505552e-01 7.136399880070124436e-48
6.205728806776500406e-01 7.135850862049182151e-48
6.277660105806499580e-01 7.135404775188008715e-48
6.350425168595962289e-01 7.135058800071917396e-48
6.424033659394190465e-01 7.134810286814833674e-48
6.498495354469888685e-01 7.134656748410122540e-48
6.573820143409585537e-01 7.134595854404064530e-48
6.650018030431118499e-01 7.134625424878017646e-48
6.727099135712336642e-01 7.134743424725867412e-48
6.805073696735206568e-01 7.134947958214050455e-48
6.883952069645495886e-01 7.135237263812005766e-48
6.963744730628221857e-01 7.135609709281437771e-48
7.044462277299037289e-01 7.136063787013330766e-48
7.126115430111745752e-01 7.136598109602204868e-48
7.208715033782135961e-01 7.137211405647527825e-48
7.292272058728312967e-01 7.137902515772685632e-48
7.376797602527730424e-01 7.138670388852418072e-48
7.462302891391108250e-01 7.139514078439949857e-48
7.548799281653431059e-01 7.140432739385557266e-48
7.636298261282241651e-01 7.141425624638628661e-48
7.724811451403400531e-01 7.142492082225678326e-48
7.814350607844542385e-01 7.143631552397168100e-48
7.904927622696420464e-01 7.144843564936207634e-48
7.996554525892346499e-01 7.146127736622725496e-48
8.089243486805938188e-01 7.147483768846812757e-48
8.183006815867389649e-01 7.148911445365377040e-48
8.277856966198472444e-01 7.150410630196483194e-48
8.373806535266489215e-01 7.151981265646003558e-48
8.470868266557401993e-01 7.153623370461537379e-48
8.569055051268347212e-01 7.155337038108687845e-48
8.668379930019773916e-01 7.157122435165186254e-48
8.768856094587426098e-01 7.158979799828405114e-48
8.870496889654403416e-01 7.160909440532173877e-48
8.973315814583520122e-01 7.162911734668899778e-48
9.077326525210223096e-01 7.164987127413301258e-48
9.182542835656282154e-01 7.167136130644164828e-48
9.288978720164497993e-01 7.169359321960767118e-48
9.396648314954690884e-01 7.171657343790797128e-48
9.505565920101191058e-01 7.174030902586707286e-48
9.615746001432096124e-01 7.176480768107674718e-48
9.727203192450537550e-01 7.179007772784459889e-48
9.839952296278225985e-01 7.181612811164587114e-48
9.954008287621518569e-01 7.184296839435446453e-48
1.006938631476027135e+00 7.187060875023047792e-48
1.018610170155975325e+00 7.189905996264272121e-48
1.030416994950587473e+00 7.192833342150576901e-48
1.042360673976401086e+00 7.195844112141322616e-48
1.054442793526168431e+00 7.198939566044859707e-48
1.066664958279538888e+00 7.202121023965758128e-48
1.079028791516183583e+00 7.205389866316612844e-48
1.091535935331391149e+00 7.208747533892920563e-48
1.104188050854160164e+00 7.212195528009745414e-48
1.116986818467822662e+00 7.215735410698831743e-48
1.129933938033221619e+00 7.219368804965040956e-48
1.143031129114478572e+00 7.223097395101014888e-48
1.156280131207375383e+00 7.226922927059073887e-48
1.169682703970384763e+00 7.230847208879419826e-48
1.183240627458377991e+00 7.234872111173843053e-48
1.196955702359042695e+00 7.238999567664118963e-48
1.210829750232039315e+00 7.243231575774501032e-48
1.224864613750930697e+00 7.247570197277601743e-48
1.239062156947915661e+00 7.252017558993199520e-48
1.253424265461399401e+00 7.256575853539453911e-48
1.267952846786433829e+00 7.261247340136140067e-48
1.282649830528059809e+00 7.266034345459575574e-48
1.297517168657586817e+00 7.270939264548921195e-48
1.312556835771842678e+00 7.275964561763674423e-48
1.327770829355429116e+00 7.281112771792177166e-48
1.343161170046015318e+00 7.286386500711031839e-48
1.358729901902709258e+00 7.291788427095380872e-48
1.374479092677536762e+00 7.297321303180069106e-48
1.390410834090069603e+00 7.302987956071735232e-48
1.406527242105236386e+00 7.308791289011941689e-48
1.422830457214351974e+00 7.314734282691514389e-48
1.439322644719406519e+00 7.320819996616320755e-48
1.456005995020648536e+00 7.327051570524701236e-48
1.472882723907501745e+00 7.333432225856938334e-48
1.489955072852853668e+00 7.339965267277028153e-48
1.507225309310755490e+00 7.346654084247269768e-48
1.524695727017572944e+00 7.353502152656015208e-48
1.542368646296627288e+00 7.360513036499158561e-48
1.560246414366367906e+00 7.367690389615868642e-48
1.578331405652116493e+00 7.375037957479138872e-48
1.596626022101425235e+00 7.382559579041852059e-48
1.615132693503091188e+00 7.390259188638939816e-48
1.633853877809862132e+00 7.398140817946431532e-48
1.652792061464895657e+00 7.406208597998125780e-48
1.671949759731990115e+00 7.414466761260677856e-48
1.691329517029648732e+00 7.422919643767985846e-48
1.710933907269015064e+00 7.431571687315728456e-48
1.730765534195725763e+00 7.440427441717009933e-48
1.750827031735725070e+00 7.449491567120089293e-48
1.771121064345088758e+00 7.458768836389209940e-48
1.791650327363901285e+00 7.468264137549587129e-48
1.812417547374237659e+00 7.477982476297660503e-48
1.833425482562290654e+00 7.487928978577784619e-48
1.854676923084699336e+00 7.498108893226503607e-48
1.876174691439121522e+00 7.508527594685701967e-48
1.897921642839101475e+00 7.519190585785863947e-48
1.919920665593284781e+00 7.530103500600793084e-48
1.942174681489026389e+00 7.541272107375175038e-48
1.964686646180446639e+00 7.552702311526348683e-48
1.987459549580983698e+00 7.564400158721813229e-48
2.010496416260499242e+00 7.576371838033925049e-48
2.033800305846982237e+00 7.588623685173366688e-48
2.057374313432913659e+00 7.601162185802981510e-48
2.081221569986339226e+00 7.613993978933625724e-48
2.105345242766706093e+00 7.627125860403733351e-48
2.129748535745521032e+00 7.640564786444343117e-48
2.154434690031884259e+00 7.654317877331387329e-48
2.179406984302955763e+00 7.668392421127085351e-48
2.204668735239409649e+00 7.682795877512352306e-48
2.230223297965938656e+00 7.697535881712145854e-48
2.256074066496861263e+00 7.712620248515812391e-48
2.282224474186898444e+00 7.728056976394415057e-48
2.308677994187169791e+00 7.743854251717239836e-48
2.335438139906479194e+00 7.760020453069583656e-48
2.362508465477947350e+00 7.776564155674081555e-48
2.389892566231050175e+00 7.793494135917864003e-48
2.417594079169130605e+00 7.810819375987870705e-48
2.445616683452446427e+00 7.828549068616733547e-48
2.473964100886814066e+00 7.846692621941699624e-48
2.502640096417919402e+00 7.865259664479112757e-48
2.531648478631355559e+00 7.884260050217056940e-48
2.560993100258459165e+00 7.903703863828794346e-48
2.590677858688009039e+00 7.923601426009775156e-48
2.620706696483852571e+00 7.943963298940928420e-48
2.651083601908538867e+00 7.964800291881186216e-48
2.681812609453015472e+00 7.986123466892097394e-48
2.712897800372467305e+00 8.007944144697568258e-48
2.744343303228365283e+00 8.030273910681812533e-48
2.776153294436801033e+00 8.053124621028643990e-48
2.808331998823172526e+00 8.076508409005339934e-48
2.840883690183304111e+00 8.100437691394405825e-48
2.873812691851066248e+00 8.124925175076595635e-48
2.907123377272578413e+00 8.149983863768683528e-48
2.940820170587063576e+00 8.175627064919516469e-48
2.974907547214440395e+00 8.201868396768003794e-48
3.009390034449721085e+00 8.228721795566749585e-48
3.044272212064302874e+00 8.256201522975174711e-48
3.079558712914226337e+00 8.284322173625964418e-48
3.115254223555488089e+00 8.313098682868939921e-48
3.151363484866479325e+00 8.342546334696350349e-48
3.187891292677645705e+00 8.372680769853831737e-48
3.224842498408442282e+00 8.403517994141318713e-48
3.262222009711670090e+00 8.435074386908263750e-48
3.300034791125285416e+00 8.467366709747708497e-48
3.338285864731760810e+00 8.500412115393774791e-48
3.376980310825091536e+00 8.534228156827311874e-48
3.416123268585528283e+00 8.568832796594489851e-48
3.455719936762139621e+00 8.604244416343306854e-48
3.495775574363275240e+00 8.640481826583051529e-48
3.536295501355042781e+00 8.677564276671874281e-48
3.577285099367873311e+00 8.715511465037804242e-48
3.618749812411280242e+00 8.754343549638574448e-48
3.660695147596902288e+00 8.794081158665858375e-48
3.703126675869927276e+00 8.834745401499530698e-48
3.746050032748993175e+00 8.876357879917832532e-48
3.789470919074667599e+00 8.918940699569315357e-48
3.833395101766601254e+00 8.962516481712712482e-48
3.877828414589457484e+00 9.007108375230907591e-48
3.922776758927719598e+00 9.052740068925434882e-48
3.968246104569481680e+00 9.099435804097970808e-48
4.014242490499322358e+00 9.147220387425557001e-48
4.060772025700365440e+00 9.196119204136313399e-48
4.107840889965646447e+00 9.246158231492727558e-48
4.155455334718875626e+00 9.297364052589583008e-48
4.203621683844713353e+00 9.349763870473909208e-48
4.252346334528682270e+00 9.403385522594447457e-48
4.301635758106795215e+00 9.458257495588234062e-48
4.351496500925049915e+00 9.514408940412287391e-48
4.401935185208874834e+00 9.571869687828259002e-48
4.452958509942654963e+00 9.630670264248435333e-48
4.504573251759458330e+00 9.690841907951382857e-48
4.556786265841063610e+00 9.752416585675899084e-48
4.609604486828433600e+00 9.815427009602100748e-48
4.663034929742731372e+00 9.879906654728603275e-48
4.717084690917017653e+00 9.945889776655077418e-48
4.771760948938745805e+00 1.001341142977960513e-47
4.827070965603183161e+00 1.008250748592049124e-47
4.883022086877879531e+00 1.015321465337242461e-47
4.939621743878320537e+00 1.022557049640712540e-47
4.996877453854883910e+00 1.029961345522880611e-47
5.054796821191240852e+00 1.037538286639508245e-47
5.113387538414325917e+00 1.045291898371413824e-47
5.172657387216019309e+00 1.053226299962926902e-47
5.232614239486661489e+00 1.061345706710217483e-47
5.293266058360561743e+00 1.069654432200658277e-47
5.354620899273607293e+00 1.078156890604413739e-47
5.416686911033152363e+00 1.086857599019472039e-47
5.479472336900286678e+00 1.095761179871361297e-47
5.542985515684669018e+00 1.104872363368833819e-47
5.607234882852032420e+00 1.114195990016811552e-47
5.672228971644543094e+00 1.123737013187939340e-47
5.737976414214133847e+00 1.133500501754100211e-47
5.804485942768978113e+00 1.143491642779300778e-47
5.871766390733255570e+00 1.153715744275351728e-47
5.939826693920356782e+00 1.164178238021806533e-47
6.008675891719686746e+00 1.174884682451660899e-47
6.078323128297229871e+00 1.185840765604342706e-47
6.148777653810022947e+00 1.197052308147558880e-47
6.220048825634711953e+00 1.208525266469613054e-47
6.292146109610343707e+00 1.220265735843824146e-47
6.365079081295570873e+00 1.232279953666739942e-47
6.438857427240419540e+00 1.244574302771855292e-47
6.513490946272802340e+00 1.257155314820603391e-47
6.588989550799949413e+00 1.270029673772415080e-47
6.665363268124913532e+00 1.283204219435692180e-47
6.742622241778342129e+00 1.296685951101587522e-47
6.820776732865684977e+00 1.310482031262506952e-47
6.899837121430018705e+00 1.324599789417327845e-47
6.979813907830660469e+00 1.339046725965335932e-47
7.060717714137773271e+00 1.353830516190969296e-47
7.142559285543126357e+00 1.368959014341466630e-47
7.225349491787214085e+00 1.384440257799603179e-47
7.309099328602910894e+00 1.400282471353720602e-47
7.393819919175865785e+00 1.416494071567320215e-47
7.479522515621821022e+00 1.433083671250544501e-47
7.566218500481054932e+00 1.450060084035926216e-47
7.653919388230147725e+00 1.467432329060820869e-47
7.742636826811269302e+00 1.485209635759027370e-47
7.832382599179195992e+00 1.503401448764133426e-47
7.923168624866253396e+00 1.522017432927191100e-47
8.015006961565404708e+00 1.541067478451391134e-47
8.107909806731687041e+00 1.560561706146461283e-47
8.201889499202202671e+00 1.580510472805580985e-47
8.296958520834905926e+00 1.600924376707671565e-47
8.393129498166365110e+00 1.621814263247979239e-47
8.490415204088746393e+00 1.643191230699945517e-47
8.588828559546250574e+00 1.665066636111433228e-47
8.688382635251183927e+00 1.687452101338425761e-47
8.789090653419954435e+00 1.710359519219414588e-47
8.890965989529158620e+00 1.733801059893758911e-47
8.994022174092044963e+00 1.757789177267364259e-47
9.098272894455558202e+00 1.782336615629118012e-47
9.203731996618220279e+00 1.807456416421607563e-47
9.310413487069075344e+00 1.833161925169699128e-47
9.418331534647951031e+00 1.859466798570676963e-47
9.527500472427290035e+00 1.886385011749694800e-47
9.637934799615786474e+00 1.913930865684405541e-47
9.749649183484086379e+00 1.942118994802705760e-47
9.862658461312820535e+00 1.970964374757636805e-47
9.976977642363200616e+00 2.000482330383568174e-47
1.009262190987048413e+01 2.030688543837899666e-47
1.020960662306047517e+01 2.061599062932581550e-47
1.032794731918952458e+01 2.093230309659930390e-47
1.044765971560805262e+01 2.125599088917208468e-47
1.056875971184805074e+01 2.158722597434646945e-47
1.069126339173477191e+01 2.192618432911634721e-47
1.081518702552289213e+01 2.227304603365936411e-47
1.094054707205743604e+01 2.262799536700899162e-47
1.106736018095974572e+01 2.299122090495737529e-47
1.119564319483879444e+01 2.336291562024092428e-47
1.132541315152812622e+01 2.374327698506190644e-47
1.145668728634872657e+01 2.413250707600052724e-47
1.158948303439811767e+01 2.453081268137311074e-47
1.172381803286599755e+01 2.493840541109361966e-47
1.185971012337670594e+01 2.535550180909673386e-47
1.199717735435885579e+01 2.578232346838221848e-47
1.213623798344241678e+01 2.621909714874179080e-47
1.227691047988360395e+01 2.666605489723095920e-47
1.241921352701784542e+01 2.712343417144984367e-47
1.256316602474121424e+01 2.759147796569848488e-47
1.270878709202059476e+01 2.807043494007371424e-47
1.285609606943296512e+01 2.856055955257604291e-47
1.300511252173409815e+01 2.906211219429690948e-47
1.315585624045705160e+01 2.957535932775802570e-47
1.330834724654076062e+01 3.010057362847626673e-47
1.346260579298911075e+01 3.063803412982939938e-47
1.361865236756082709e+01 3.118802637129965328e-47
1.377650769549054921e+01 3.175084255017372494e-47
1.393619274224143467e+01 3.232678167677997771e-47
1.409772871628967650e+01 3.291614973334520995e-47
1.426113707194129709e+01 3.351925983655543484e-47
1.442643951218158804e+01 3.413643240390704044e-47
1.459365799155757593e+01 3.476799532393663850e-47
1.476281471909391030e+01 3.541428413042017115e-47
1.493393216124253264e+01 3.607564218063366309e-47
1.510703304486655618e+01 3.675242083777044706e-47
1.528214036025870826e+01 3.744497965761178155e-47
1.545927736419478471e+01 3.815368657954987927e-47
1.563846758302247864e+01 3.887891812206505399e-47
1.581973481578601515e+01 3.962105958276063788e-47
1.600310313738701851e+01 4.038050524306210216e-47
1.618859690178199173e+01 4.115765857768904093e-47
1.637624074521689010e+01 4.195293246901123994e-47
1.656605958949915092e+01 4.276674942640294474e-47
1.675807864530768754e+01 4.359954181071163070e-47
1.695232341554121547e+01 4.445175206396062545e-47
1.714881969870540956e+01 4.532383294440755475e-47
1.734759359233932585e+01 4.621624776708376747e-47
1.754867149648152136e+01 4.712947064994202946e-47
1.775208011717635870e+01 4.806398676574369951e-47
1.795784647002096790e+01 4.902029259981909478e-47
1.816599788375328473e+01 4.999889621383779154e-47
1.837656200388172323e+01 5.100031751572923894e-47
1.858956679635688403e+01 5.202508853589713591e-47
1.880504055128583474e+01 5.307375370987377316e-47
1.902301188668945642e+01 5.414687016756544305e-47
1.924350975230332139e+01 5.524500802924173100e-47
1.946656343342263185e+01 5.636875070842616979e-47
1.969220255479173431e+01 5.751869522184962722e-47
1.992045708453871100e+01 5.869545250663041343e-47
2.015135733815558439e+01 5.989964774485018896e-47
2.038493398252464317e+01 6.113192069569769153e-47
2.062121803999144731e+01 6.239292603535695658e-47
2.086024089248504865e+01 6.368333370482068402e-47
2.110203428568596706e+01 6.500382926581328287e-47
2.134663033324245518e+01 6.635511426501292902e-47
2.159406152103567678e+01 6.773790660676594839e-47
2.184436071149428571e+01 6.915294093449164088e-47
2.209756114795903059e+01 7.060096902098022094e-47
2.235369645909796432e+01 7.208276016779114997e-47
2.261280066337279493e+01 7.359910161396398726e-47
2.287490817355704209e+01 7.515079895425916666e-47
2.314005380130653933e+01 7.673867656715037430e-47
2.340827276178294269e+01 7.836357805279673695e-47
2.367960067833078597e+01 8.002636668122657013e-47
2.395407358720879287e+01 8.172792585097148437e-47
2.423172794237600769e+01 8.346915955839416956e-47
2.451260062033339793e+01 8.525099287795939054e-47
2.479672892502160053e+01 8.707437245370317224e-47
2.508415059277541204e+01 8.894026700216140504e-47
2.537490379733571544e+01 9.084966782702490551e-47
2.566902715491951881e+01 9.280358934579486210e-47
2.596655972934872381e+01 9.480306962871746652e-47
2.626754103723838440e+01 9.684917095028521462e-47
2.657201105324506685e+01 9.894298035359704743e-47
2.688001021537607471e+01 1.010856102278774663e-46
2.719157943036018921e+01 1.032781988994615142e-46
2.750676007908067433e+01 1.055219112365593993e-46
2.782559402207125743e+01 1.078179392681221985e-46
2.814812360507581346e+01 1.101675028171375088e-46
2.847439166467247773e+01 1.125718501486910495e-46
2.880444153396297935e+01 1.150322586331393596e-46
2.913831704832788461e+01 1.175500354247447826e-46
2.947606255124858521e+01 1.201265181561346649e-46
2.981772290019673477e+01 1.227630756489521009e-46
3.016334347259197202e+01 1.254611086410773239e-46
3.051297017182870874e+01 1.282220505308051594e-46
3.086664943337274636e+01 1.310473681383739963e-46
3.122442823092858077e+01 1.339385624852511596e-46
3.158635408267819145e+01 1.368971695915886509e-46
3.195247505759213524e+01 1.399247612922728121e-46
3.232283978181380490e+01 1.430229460720010133e-46
3.269749744511767631e+01 1.461933699198303115e-46
3.307649780744242207e+01 1.494377172036503757e-46
3.345989120549975127e+01 1.527577115650467834e-46
3.384772855945983139e+01 1.561551168350290561e-46
3.424006137971425545e+01 1.596317379711108520e-46
3.463694177371734639e+01 1.631894220162389132e-46
3.503842245290675805e+01 1.668300590800815783e-46
3.544455673970435328e+01 1.705555833431972611e-46
3.585539857459816915e+01 1.743679740846169660e-46
3.627100252330648544e+01 1.782692567333863455e-46
3.669142378402494131e+01 1.822615039446258159e-46
3.711671819475766654e+01 1.863468367006813838e-46
3.754694224073336528e+01 1.905274254379502151e-46
3.798215306190736129e+01 1.948054911999795788e-46
3.842240846055060643e+01 1.991833068174524456e-46
3.886776690892667574e+01 2.036631981156869432e-46
3.931828755705770106e+01 2.082475451502888486e-46
3.977403024058036607e+01 2.129387834716171863e-46
4.023505548869292880e+01 2.177394054187317497e-46
4.070142453219438750e+01 2.226519614435112018e-46
4.117319931161679136e+01 2.276790614656450312e-46
4.165044248545184757e+01 2.328233762592197967e-46
4.213321743847289014e+01 2.380876388716353362e-46
4.262158829015324812e+01 2.434746460756050137e-46
4.311561990318228510e+01 2.489872598550125144e-46
4.361537789208005478e+01 2.546284089254126329e-46
4.412092863191190162e+01 2.604010902899861349e-46
4.463233926710397270e+01 2.663083708317727364e-46
4.514967772036101934e+01 2.723533889430314874e-46
4.567301270168746896e+01 2.785393561925896677e-46
4.620241371751313153e+01 2.848695590320710612e-46
4.673795107992463471e+01 2.913473605419060601e-46
4.727969591600390942e+01 2.979762022180536298e-46
4.782772017727485547e+01 3.047596058003821993e-46
4.838209664925957298e+01 3.117011751436841577e-46
4.894289896114531757e+01 3.188045981323146593e-46
4.951020159556351530e+01 3.260736486394727850e-46
5.008407989848212338e+01 3.335121885321679981e-46
5.066461008921268672e+01 3.411241697229341624e-46
5.125186927053332653e+01 3.489136362693835748e-46
5.184593543892913203e+01 3.568847265227145412e-46
5.244688749495119140e+01 3.650416753263150424e-46
5.305480525369573996e+01 3.733888162656306665e-46
5.366976945540476152e+01 3.819305839704918597e-46
5.429186177618942821e+01 3.906715164711224245e-46
5.492116483887789258e+01 3.996162576090836675e-46
5.555776222398877451e+01 4.087695595044319793e-46
5.620173848083187806e+01 4.181362850804039887e-46
5.685317913873753071e+01 4.277214106469661527e-46
5.751217071841613659e+01 4.375300285446067125e-46
5.817880074344935082e+01 4.475673498497690268e-46
5.885315775191450172e+01 4.578387071433693228e-46
5.953533130814370367e+01 4.683495573438639954e-46
6.022541201461928040e+01 4.791054846063760804e-46
6.092349152400711887e+01 4.901122032894190757e-46
6.162966255132942450e+01 5.013755609907945557e-46
6.234401888627863997e+01 5.129015416542756507e-46
6.306665540567405515e+01 5.246962687487299254e-46
6.379766808606282069e+01 5.367660085213660693e-46
6.453715401646701366e+01 5.491171733268364994e-46
6.528521141127846761e+01 5.617563250339637547e-46
6.604193962330305112e+01 5.746901785118980806e-46
6.680743915695614987e+01 5.879256051975629158e-46
6.758181168161110008e+01 6.014696367462781366e-46
6.836516004510238531e+01 6.153294687675066030e-46
6.915758828738525210e+01 6.295124646477019952e-46
6.995920165435374827e+01 6.440261594622956649e-46
7.077010661181888906e+01 6.588782639788949989e-46
7.159041085964888396e+01 6.740766687538251461e-46
7.242022334607315770e+01 6.896294483241843823e-46
7.325965428215229736e+01 7.055448654976488881e-46
7.410881515641570161e+01 7.218313757422974069e-46
7.496781874966876558e+01 7.384976316787914350e-46
7.583677914997190328e+01 7.555524876773008948e-46
7.671581176779302780e+01 7.730050045616108214e-46
7.760503335133570602e+01 7.908644544229132066e-46
7.850456200204509116e+01 8.091403255458421234e-46
7.941451719029339529e+01 8.278423274493625328e-46
8.033501977124734594e+01 8.469803960451984693e-46
8.126619200091946027e+01 8.665646989165391991e-46
8.220815755240541023e+01 8.866056407198226186e-46
8.316104153230961060e+01 9.071138687124741937e-46
8.412497049736118981e+01 9.281002784095310791e-46
8.510007247122246099e+01 9.495760193721596245e-46
8.608647696149245121e+01 9.715525011311438589e-46
8.708431497690723688e+01 9.940413992484847749e-46
8.809371904473991322e+01 1.017054661520339382e-45
8.911482322840201675e+01 1.040604514324590102e-45
9.014776314524917211e+01 1.064703469116417070e-45
9.119267598459298085e+01 1.089364329075324781e-45
9.224970052592173886e+01 1.114600195907155266e-45
9.331897715733238385e+01 1.140424476804702279e-45
9.440064789417603208e+01 1.166850891570618616e-45
9.549485639791966207e+01 1.193893479906412433e-45
9.660174799522646083e+01 1.221566608871390550e-45
9.772146969725724830e+01 1.249884980515523189e-45
9.885417021919573699e+01 1.278863639690281521e-45
1.000000000000000000e+02 1.308517982041593146e-45
