1.000000000000000021e-02 6.399364040000640542e-40
1.009262190987047364e-02 6.167665483927586781e-40
1.018610170155975769e-02 5.944355926267853728e-40
1.028044732093309245e-02 5.729131630582309070e-40
1.037566678745185933e-02 5.521699857671249969e-40
1.047176819485520251e-02 5.321778467402711050e-40
1.056875971184803933e-02 5.129095534957040281e-40
1.066664958279539381e-02 4.943388980966014465e-40
1.076544612842315375e-02 4.764406215043342796e-40
1.086515774652538346e-02 4.591903792221574209e-40
1.096579291267809828e-02 4.425647081828389204e-40
1.106736018095973335e-02 4.265409948351575006e-40
1.116986818467823224e-02 4.110974443858879375e-40
1.127332563710486610e-02 3.962130511554253257e-40
1.137774133221491381e-02 3.818675700067206236e-40
1.148312414543511094e-02 3.680414888086879688e-40
1.158948303439810527e-02 3.547160018966049429e-40
1.169682703970385297e-02 3.418729844934251354e-40
1.180516528568804902e-02 3.294949680572082469e-40
1.191450698119776025e-02 3.175651165211245273e-40
1.202486142037412220e-02 3.060672033937382657e-40
1.213623798344240501e-02 2.949855896883987111e-40
1.224864613750931315e-02 2.843052026517391481e-40
1.236209543736768550e-02 2.740115152623410208e-40
1.247659552630869806e-02 2.640905264716759913e-40
1.259215613694150866e-02 2.545287421604619469e-40
1.270878709202058823e-02 2.453131567845144484e-40
1.282649830528060503e-02 2.364312356851475011e-40
1.294529978227915330e-02 2.278708980400445836e-40
1.306520162124721190e-02 2.196205004314243343e-40
1.318621401394748545e-02 2.116688210091461025e-40
1.330834724654075471e-02 2.040050442272093775e-40
1.343161170046015991e-02 1.966187461328984640e-40
1.355601785329368231e-02 1.894998801885489354e-40
1.368157627967471826e-02 1.826387636066642147e-40
1.380829765218092274e-02 1.760260641797878363e-40
1.393619274224142807e-02 1.696527875872184701e-40
1.406527242105237024e-02 1.635102651613089087e-40
1.419554766050101606e-02 1.575901420966992149e-40
1.432702953409830879e-02 1.518843660864587375e-40
1.445972921792019507e-02 1.463851763696679057e-40
1.459365799155756989e-02 1.410850931755529096e-40
1.472882723907502529e-02 1.359769075498114407e-40
1.486524844997857107e-02 1.310536715492881987e-40
1.500293322019218348e-02 1.263086887916721286e-40
1.514189325304352018e-02 1.217355053473518517e-40
1.528214036025870096e-02 1.173279009610476071e-40
1.542368646296628232e-02 1.130798805912779467e-40
1.556654359271062056e-02 1.089856662561498553e-40
1.571072389247450338e-02 1.050396891743886354e-40
1.585623961771137277e-02 1.012365821909093632e-40
1.600310313738700918e-02 9.757117247663575752e-41
1.615132693503090397e-02 9.403847449263135877e-41
1.630092360979741237e-02 9.063368320897445549e-41
1.645190587753662601e-02 8.735216756915627800e-41
1.660428657187529647e-02 8.418946419110778642e-41
1.675807864530767799e-02 8.114127129629219164e-41
1.691329517029648011e-02 7.820344285860398867e-41
1.706994934038407949e-02 7.537198296511447700e-41
1.722805447131393886e-02 7.264304038099692288e-41
1.738762400216250364e-02 7.001290331123508373e-41
1.754867149648151048e-02 6.747799435199342832e-41
1.771121064345087745e-02 6.503486562478044598e-41
1.787525525904235316e-02 6.268019408678584730e-41
1.804081928719382735e-02 6.041077701101585262e-41
1.820791680099462587e-02 5.822352763007545964e-41
1.837656200388171346e-02 5.611547093767525226e-41
1.854676923084698503e-02 5.408373964215084595e-41
1.871855294965579092e-02 5.212557026649068142e-41
1.889192776207666499e-02 5.023829938956925573e-41
1.906690840512251933e-02 4.841936002347129792e-41
1.924350975230331232e-02 4.666627812198075326e-41
1.942174681489025612e-02 4.497666921548582663e-41
1.960163474319185847e-02 4.334823516772118706e-41
1.978318882784164262e-02 4.177876104993852179e-41
1.996642450109793396e-02 4.026611212825136424e-41
2.015135733815557467e-02 3.880823096005856843e-41
2.033800305846980919e-02 3.740313459559591340e-41
2.052637752709252084e-02 3.604891188080927084e-41
2.071649675602068794e-02 3.474372085788238503e-41
2.090837690555749986e-02 3.348578625988133146e-41
2.110203428568595621e-02 3.227339709611004196e-41
2.129748535745519880e-02 3.110490432489156842e-41
2.149474673437980557e-02 2.997871861060918590e-41
2.169383518385184506e-02 2.889330816195829994e-41
2.189476762856620851e-02 2.784719664846670973e-41
2.209756114795902171e-02 2.683896119245104094e-41
2.230223297965937615e-02 2.586723043367740727e-41
2.250880052095461867e-02 2.493068266409353402e-41
2.271728133026905058e-02 2.402804403009641162e-41
2.292769312865648723e-02 2.315808679988889256e-41
2.314005380130652878e-02 2.231962769356973459e-41
2.335438139906479207e-02 2.151152627368527214e-41
2.357069413996727703e-02 2.073268339405331594e-41
2.378901041078893344e-02 1.998203970474989181e-41
2.400934876860651851e-02 1.925857421122531222e-41
2.423172794237599473e-02 1.856130288558946818e-41
2.445616683452446483e-02 1.788927732817785477e-41
2.468268452255692469e-02 1.724158347757740832e-41
2.491130026067788633e-02 1.661734036735788067e-41
2.514203348142796460e-02 1.601569892781777151e-41
2.537490379733570514e-02 1.543584083111467514e-41
2.560993100258459471e-02 1.487697737820971720e-41
2.584713507469563881e-02 1.433834842611155807e-41
2.608653617622547910e-02 1.381922135396124131e-41
2.632815465648021339e-02 1.331889006655163307e-41
2.657201105324505375e-02 1.283667403392593781e-41
2.681812609453015570e-02 1.237191736574878399e-41
2.706652070033241375e-02 1.192398791919145711e-41
2.731721598441376117e-02 1.149227643911718340e-41
2.757023325609583853e-02 1.107619572939748509e-41
2.782559402207124277e-02 1.067517985423236625e-41
2.808331998823172457e-02 1.028868336838761082e-41
2.834343306151309444e-02 9.916180575302897448e-42
2.860595535175742068e-02 9.557164812060891699e-42
2.887090917359236286e-02 9.211147760245320661e-42
2.913831704832786987e-02 8.877658781750505454e-42
2.940820170587063812e-02 8.556244278638674784e-42
2.968058608665602449e-02 8.246467076174975171e-42
2.995549334359813229e-02 7.947905828200289588e-42
3.023294684405777866e-02 7.660154444033654591e-42
3.051297017182869400e-02 7.382821536124532627e-42
3.079558712914226559e-02 7.115529887703520145e-42
3.108082173869063797e-02 6.857915939707789335e-42
3.136869824566876352e-02 6.609629296282961629e-42
3.165924111983522277e-02 6.370332248189181700e-42
3.195247505759211959e-02 6.139699313463002266e-42
3.224842498408442282e-02 5.917416794710147987e-42
3.254711605531847990e-02 5.703182352427390296e-42
3.284857366030043829e-02 5.496704593772738984e-42
3.315282342319424841e-02 5.297702676224990048e-42
3.345989120549973384e-02 5.105905925593329960e-42
3.376980310825091619e-02 4.921053467857429156e-42
3.408258547423451829e-02 4.742893874337438339e-42
3.439826489022924233e-02 4.571184819711009314e-42
3.471686818926561502e-02 4.405692752412435986e-42
3.503842245290673951e-02 4.246192576965495209e-42
3.536295501355042614e-02 4.092467347817782278e-42
3.569049345675229939e-02 3.944307974260425457e-42
3.602106562357069997e-02 3.801512936031473142e-42
3.635469961293319452e-02 3.663888009216368864e-42
3.669142378402494298e-02 3.531246002072626134e-42
3.703126675869927026e-02 3.403406500419344912e-42
3.737425742391064371e-02 3.280195622245250650e-42
3.772042493416997294e-02 3.161445781201616566e-42
3.806979871402285664e-02 3.046995458658193226e-42
3.842240846055060971e-02 2.936688984012270571e-42
3.877828414589457040e-02 2.830376322951937296e-42
3.913745601980384015e-02 2.727912873385585580e-42
3.949995461220642823e-02 2.629159268760147423e-42
3.986581073580440504e-02 2.533981188500441632e-42
4.023505548869293208e-02 2.442249175311895948e-42
4.060772025700365440e-02 2.353838459098069397e-42
4.098383671757261509e-02 2.268628787253507671e-42
4.136343684063273352e-02 2.186504261101131072e-42
4.174655289253136753e-02 2.107353178251628427e-42
4.213321743847289053e-02 2.031067880670496273e-42
4.252346334528681743e-02 1.957544608246016130e-42
4.291732378422157684e-02 1.886683357659021570e-42
4.331483223376398489e-02 1.818387746362534371e-42
4.371602248248504519e-02 1.752564881486189402e-42
4.412092863191190151e-02 1.689125233487201043e-42
4.452958509942655380e-02 1.627982514375971394e-42
4.494202662119142072e-02 1.569053560350717045e-42
4.535828825510185985e-02 1.512258218681516851e-42
4.577840538376618668e-02 1.457519238689867331e-42
4.620241371751312998e-02 1.404762166675512627e-42
4.663034929742731344e-02 1.353915244647585757e-42
4.706224849841281199e-02 1.304909312722349667e-42
4.749814803228499804e-02 1.257677715054786223e-42
4.793808495089109389e-02 1.212156209176064200e-42
4.838209664925956915e-02 1.168282878613593712e-42
4.883022086877879947e-02 1.125998048674788639e-42
4.928249570040513228e-02 1.085244205280013347e-42
4.973895958790062327e-02 1.045965916734311476e-42
5.019965133110081829e-02 1.008109758331498406e-42
5.066461008921268466e-02 9.716242396880907964e-43
5.113387538414326111e-02 9.364597347082062283e-43
5.160748710385907462e-02 9.025684140841936117e-43
5.208548550577660197e-02 8.699041802411910068e-43
5.256791122018421997e-02 8.384226046371024934e-43
5.305480525369574152e-02 8.080808673327370682e-43
5.354620899273607876e-02 7.788376987498891387e-43
5.404216420705915125e-02 7.506533235381619634e-43
5.454271305329833758e-02 7.234894064741798491e-43
5.504789807854970629e-02 6.973090003196064215e-43
5.555776222398877556e-02 6.720764955670244442e-43
5.607234882852032976e-02 6.477575720053669175e-43
5.659170163246242391e-02 6.243191520389740494e-43
5.711586478126431943e-02 6.017293556968158384e-43
5.764488282925876034e-02 5.799574572706771029e-43
5.817880074344935343e-02 5.589738435233086225e-43
5.871766390733255264e-02 5.387499734097345722e-43
5.926151812475552449e-02 5.192583392568931797e-43
5.981040962380940879e-02 5.004724293488392759e-43
6.036438506075866850e-02 4.823666918666065047e-43
6.092349152400711870e-02 4.649165001336704052e-43
6.148777653810023197e-02 4.480981191197685084e-43
6.205728806776500406e-02 4.318886731574848305e-43
6.263207452198689407e-02 4.162661148277150555e-43
6.321218475812451221e-02 4.012091949716803693e-43
6.379766808606282535e-02 3.866974337886913412e-43
6.438857427240420039e-02 3.727110929803781155e-43
6.498495354469888130e-02 3.592311489034644784e-43
6.558685659571432403e-02 3.462392666945954295e-43
6.619433458774394430e-02 3.337177753320176602e-43
6.680743915695615265e-02 3.216496436001803180e-43
6.742622241778342684e-02 3.100184569245804690e-43
6.805073696735206012e-02 2.988083950453371601e-43
6.868103588995304321e-02 2.880042104991254872e-43
6.931717276155408003e-02 2.775912078802102719e-43
6.995920165435375038e-02 2.675552238523589170e-43
7.060717714137772216e-02 2.578826078844561305e-43
7.126115430111745752e-02 2.485602036836160663e-43
7.192118872221189840e-02 2.395753313005361188e-43
7.258733650817253413e-02 2.309157698827543081e-43
7.325965428215229502e-02 2.225697410523488293e-43
7.393819919175866062e-02 2.145258928854742728e-43
7.462302891391107973e-02 2.067732844719457535e-43
7.531420165974371528e-02 1.993013710338624922e-43
7.601177617955330590e-02 1.920999895830380594e-43
7.671581176779301847e-02 1.851593450977231044e-43
7.742636826811269413e-02 1.784699971998194140e-43
7.814350607844541829e-02 1.720228473144697167e-43
7.886728615614152504e-02 1.658091262945502986e-43
7.959777002314985528e-02 1.598203824932408726e-43
8.033501977124735127e-02 1.540484702684419165e-43
8.107909806731686264e-02 1.484855389034090386e-43
8.183006815867389927e-02 1.431240219285323474e-43
8.258799387844267814e-02 1.379566268297369449e-43
8.335293965098194979e-02 1.329763251295067210e-43
8.412497049736118726e-02 1.281763428270390776e-43
8.490415204088747059e-02 1.235501511845283814e-43
8.569055051268346934e-02 1.190914578470468464e-43
8.648423275731721704e-02 1.147941982839427473e-43
8.728526623848380239e-02 1.106525275401171343e-43
8.809371904473990711e-02 1.066608122859566121e-43
8.890965989529157898e-02 1.028136231551103655e-43
8.973315814583519845e-02 9.910572735969113963e-44
9.056428379445288779e-02 9.553208157285281863e-44
9.140310748756232118e-02 9.208782506906577713e-44
9.224970052592174063e-02 8.876827311275856537e-44
9.310413487069074678e-02 8.556891058633352281e-44
9.396648314954690606e-02 8.248538584889069637e-44
9.483681866285922912e-02 7.951350481730546139e-44
9.571521538991865918e-02 7.664922526161006120e-44
9.660174799522645850e-02 7.388865130691902509e-44
9.749649183484086767e-02 7.122802813442063070e-44
9.839952296278231536e-02 6.866373687422785036e-44
9.931091813749795549e-02 6.619228968314113836e-44
1.002307548283865452e-01 6.381032500062727393e-44
1.011591112223829692e-01 6.151460297656450781e-44
1.020960662306046457e-01 5.930200106453119633e-44
1.030416994950588000e-01 5.716950977464755879e-44
1.039960913954119798e-01 5.511422858019210525e-44
1.049593230558227702e-01 5.313336197242406188e-44
1.059314763518370006e-01 5.122421565824863020e-44
1.069126339173476076e-01 4.938419289555006034e-44
1.079028791516184194e-01 4.761079096121053198e-44
1.089022962263729993e-01 4.590159774700969899e-44
1.099109700929497280e-01 4.425428847877399412e-44
1.109289864895222771e-01 4.266662255431547407e-44
1.119564319483878218e-01 4.113644049585662180e-44
1.129933938033222257e-01 3.966166101279799154e-44
1.140399601970032428e-01 3.824027817083295330e-44
1.150962200885032316e-01 3.687035866355796829e-44
1.161622632608501904e-01 3.555003918286970718e-44
1.172381803286598606e-01 3.427752388456969698e-44
1.183240627458378574e-01 3.305108194573135091e-44
1.194200028133531877e-01 3.186904521050623604e-44
1.205260936870842653e-01 3.072980592116689167e-44
1.216424293857368000e-01 2.963181453130160891e-44
1.227691047988359180e-01 2.857357759818484282e-44
1.239062156947916271e-01 2.755365575145824048e-44
1.250538587290390691e-01 2.657066173535864398e-44
1.262121314522547388e-01 2.562325852182959782e-44
1.273811323186478384e-01 2.471015749195141807e-44
1.285609606943295680e-01 2.383011668321438752e-44
1.297517168657587594e-01 2.298193910025301589e-44
1.309535020482666956e-01 2.216447108674202098e-44
1.321664183946605065e-01 2.137660075624058365e-44
1.333905690039058622e-01 2.061725647985048456e-44
1.346260579298910465e-01 1.988540542863031088e-44
1.358729901902709924e-01 1.918005216878449422e-44
1.371314717753944756e-01 1.850023730771491427e-44
1.384016096573131571e-01 1.784503618909481812e-44
1.396835117988739772e-01 1.721355763518950452e-44
1.409772871628967028e-01 1.660494273471281467e-44
1.422830457214352695e-01 1.601836367457165734e-44
1.436008984651259979e-01 1.545302261390853064e-44
1.449309574126216582e-01 1.490815059891134046e-44
1.462733356201129931e-01 1.438300651691418240e-44
1.476281471909390297e-01 1.387687608836621708e-44
1.489955072852854334e-01 1.338907089529824140e-44
1.503755321299737602e-01 1.291892744496471167e-44
1.517683390283405265e-01 1.246580626738833585e-44
1.531740463702079835e-01 1.202909104557934929e-44
1.545927736419477616e-01 1.160818777724638166e-44
1.560246414366368850e-01 1.120252396685910140e-44
1.574697714643086000e-01 1.081154784696324872e-44
1.589282865622977936e-01 1.043472762768923841e-44
1.604003107056820032e-01 1.007155077343352280e-44
1.618859690178198474e-01 9.721523305728597213e-45
1.633853877809861299e-01 9.384169131353912641e-45
1.648986944471065030e-01 9.059029394773296861e-45
1.664260176485903575e-01 8.745661854018636095e-45
1.679674872092653259e-01 8.443640279170364379e-45
1.695232341554120392e-01 8.152553872617097505e-45
1.710933907269014398e-01 7.872006710305573432e-45
1.726780903884355955e-01 7.601617203220934550e-45
1.742774678408919031e-01 7.341017578365052284e-45
1.758916590327732621e-01 7.089853378526692545e-45
1.775208011717634982e-01 6.847782980163370131e-45
1.791650327363900341e-01 6.614477128739014873e-45
1.808244934877951682e-01 6.389618490885338045e-45
1.824993244816152382e-01 6.172901222778057902e-45
1.841896680799710861e-01 5.964030554140540395e-45
1.858956679635687392e-01 5.762722387309338568e-45
1.876174691439120579e-01 5.568702910816182717e-45
1.893552179756295140e-01 5.381708226960710940e-45
1.911090621689137958e-01 5.201483992867643644e-45
1.928791508020777645e-01 5.027785074539914594e-45
1.946656343342262341e-01 4.860375213437385072e-45
1.964686646180445473e-01 4.699026705127635760e-45
1.982883949127071388e-01 4.543520089571560657e-45
2.001249798969036986e-01 4.393643852622813981e-45
2.019785756819878486e-01 4.249194138334772065e-45
2.038493398252463062e-01 4.109974471683967785e-45
2.057374313432912549e-01 3.975795491332716640e-45
2.076430107255774760e-01 3.846474692067441313e-45
2.095662399480432980e-01 3.721836176562491431e-45
2.115072824868794721e-01 3.601710416131643360e-45
2.134663033324244452e-01 3.485934020142026700e-45
2.154434690031883370e-01 3.374349513776765926e-45
2.174389475600080057e-01 3.266805123844010654e-45
2.194529086203313717e-01 3.163154572341167825e-45
2.214855233726359396e-01 3.063256877493365424e-45
2.235369645909795477e-01 2.966976161995694855e-45
2.256074066496860375e-01 2.874181468198319007e-45
2.276970255381680075e-01 2.784746579983050495e-45
2.298059988758850980e-01 2.698549851089233612e-45
2.319345059274428578e-01 2.615474039655269471e-45
2.340827276178293059e-01 2.535406148750907576e-45
2.362508465477946296e-01 2.458237272683231060e-45
2.384390470093720460e-01 2.383862448867426781e-45
2.406475150015424114e-01 2.312180515060791747e-45
2.428764382460451843e-01 2.243093971765773301e-45
2.451260062033338571e-01 2.176508849614973316e-45
2.473964100886812956e-01 2.112334581557626863e-45
2.496878428884326817e-01 2.050483879673813432e-45
2.520004993764092260e-01 1.990872616448786903e-45
2.543345761304649510e-01 1.933419710345932040e-45
2.566902715491950482e-01 1.878047015522773065e-45
2.590677858688007484e-01 1.824679215539941083e-45
2.614673211801092356e-01 1.773243720918606629e-45
2.638890814457510170e-01 1.723670570407005115e-45
2.663332725174982207e-01 1.675892335821727351e-45
2.688001021537606006e-01 1.629844030334436930e-45
2.712897800372465751e-01 1.585463020079158071e-45
2.738025177927857490e-01 1.542688938959993324e-45
2.763385290053169685e-01 1.501463606543360938e-45
2.788980292380440762e-01 1.461730948923052505e-45
2.814812360507579769e-01 1.423436922450526773e-45
2.840883690183302890e-01 1.386529440226641126e-45
2.867196497493769702e-01 1.350958301254888914e-45
2.893753019050950281e-01 1.316675122159750763e-45
2.920555512182746449e-01 1.283633271377281995e-45
2.947606255124857189e-01 1.251787805728458366e-45
2.974907547214440395e-01 1.221095409288960529e-45
3.002461709085549324e-01 1.191514334472300989e-45
3.030271082866396459e-01 1.163004345246113256e-45
3.058338032378433158e-01 1.135526662404400164e-45
3.086664943337272815e-01 1.109043910821289207e-45
3.115254223555488089e-01 1.083520068614542110e-45
3.144108303147264971e-01 1.058920418149701644e-45
3.173229634734976434e-01 1.035211498818196683e-45
3.202620693657651785e-01 1.012361061525204845e-45
3.232283978181378914e-01 9.903380248253628888e-46
3.262222009711669979e-01 9.691124326466407027e-46
3.292437333007768863e-01 9.486554135449180535e-46
3.322932516398971470e-01 9.289391414337950952e-46
3.353710152002930545e-01 9.099367977362651002e-46
3.384772855945981096e-01 8.916225349067466499e-46
3.416123268585528616e-01 8.739714412738559170e-46
3.447764054734464012e-01 8.569595071561247268e-46
3.479697903887691290e-01 8.405635922045404967e-46
3.511927530450729695e-01 8.247613939275209974e-46
3.544455673970433596e-01 8.095314173554983898e-46
3.577285099367873422e-01 7.948529458038394768e-46
3.610418597173337130e-01 7.807060126943677517e-46
3.643858983763544335e-01 7.670713743971195528e-46
3.677609101601032604e-01 7.539304840554296667e-46
3.711671819475764744e-01 7.412654663587241280e-46
3.746050032748993175e-01 7.290590932287072883e-46
3.780746663599349189e-01 7.172947603858888304e-46
3.815764661271248692e-01 7.059564647645526405e-46
3.851107002325570572e-01 6.950287827454717377e-46
3.886776690892665975e-01 6.844968491767463080e-46
3.922776758927719598e-01 6.743463371542348843e-46
3.959110266468458539e-01 6.645634385340807246e-46
3.995780301895269782e-01 6.551348451508163410e-46
4.032789982193707434e-01 6.460477307155135380e-46
4.070142453219436907e-01 6.372897333693463208e-46
4.107840889965646558e-01 6.288489388688394044e-46
4.145888496832911274e-01 6.207138643799360881e-46
4.184288507901582355e-01 6.128734428588347076e-46
4.223044187206674294e-01 6.053170079983577801e-46
4.262158829015322836e-01 5.980342797193680649e-46
4.301635758106794882e-01 5.910153501875072270e-46
4.341478330055092427e-01 5.842506703362320221e-46
4.381689931514192171e-01 5.777310368778160122e-46
4.422273980505899149e-01 5.714475797846542607e-46
4.463233926710394872e-01 5.653917502238371362e-46
4.504573251759458330e-01 5.595553089285888121e-46
4.546295469532399269e-01 5.539303149907481343e-46
4.588404126454759258e-01 5.485091150590487378e-46
4.630902801799739454e-01 5.432843329285100714e-46
4.673795107992461118e-01 5.382488595067711612e-46
4.717084690917017209e-01 5.333958431437280500e-46
4.760775230226367838e-01 5.287186803113158035e-46
4.804870439655131720e-01 5.242110066207582562e-46
4.849374067335235350e-01 5.198666881650715080e-46
4.894289896114529248e-01 5.156798131750375020e-46
4.939621743878320759e-01 5.116446839773071720e-46
4.985373463873893907e-01 5.077558092436883541e-46
5.031548945038054610e-01 5.040078965210762077e-46
5.078152112327672940e-01 5.003958450318712737e-46
5.125186927053330121e-01 4.969147387350815094e-46
5.172657387216018643e-01 4.935598396386827663e-46
5.220567527846975420e-01 4.903265813541309491e-46
5.268921421350674095e-01 4.872105628842621403e-46
5.317723177850969263e-01 4.842075426361338018e-46
5.366976945540475885e-01 4.813134326506565374e-46
5.416686911033151697e-01 4.785242930411753395e-46
5.466857299720180308e-01 4.758363266334285435e-46
5.517492376129126130e-01 4.732458737995973389e-46
5.568596444286411096e-01 4.707494074794198203e-46
5.620173848083187540e-01 4.683435283815913910e-46
5.672228971644543982e-01 4.660249603589336124e-46
5.724766239702178128e-01 4.637905459510304610e-46
5.777790117970503792e-01 4.616372420882754447e-46
5.831305113526221717e-01 4.595621159514853119e-46
5.885315775191450882e-01 4.575623409814445548e-46
5.939826693920355893e-01 4.556351930329572749e-46
5.994842503189409255e-01 4.537780466681711399e-46
6.050367879391220782e-01 4.519883715841338822e-46
6.106407542232039631e-01 4.502637291697215383e-46
6.162966255132942273e-01 4.486017691872544460e-46
6.220048825634711953e-01 4.470002265742879899e-46
6.277660105806499580e-01 4.454569183612269621e-46
6.335804992658250478e-01 4.439697407005698500e-46
6.394488428556940329e-01 4.425366660037447013e-46
6.453715401646702432e-01 4.411557401816358256e-46
6.513490946272803006e-01 4.398250799850550780e-46
6.573820143409585537e-01 4.385428704415325057e-46
6.634708121092347533e-01 4.373073623849448148e-46
6.696160054853218524e-01 4.361168700746184286e-46
6.758181168161110364e-01 4.349697689006674359e-46
6.820776732865685421e-01 4.338644931724477645e-46
6.883952069645495886e-01 4.327995339871154077e-46
6.947712548460236448e-01 4.317734371753911121e-46
7.012063589007180298e-01 4.307848013217370816e-46
7.077010661181889484e-01 4.298322758562497326e-46
7.142559285543126357e-01 4.289145592156756792e-46
7.208715033782135961e-01 4.280303970710462653e-46
7.275483529196228316e-01 4.271785806195213222e-46
7.342870447166761627e-01 4.263579449381163810e-46
7.410881515641569717e-01 4.255673673970745292e-46
7.479522515621821466e-01 4.248057661307240714e-46
7.548799281653435500e-01 4.240720985637409399e-46
7.618717702322995722e-01 4.233653599908096325e-46
7.689283720758309792e-01 4.226845822077535421e-46
7.760503335133570602e-01 4.220288321922673868e-46
7.832382599179196214e-01 4.213972108324594313e-46
7.904927622696424905e-01 4.207888517014728816e-46
7.978144572076625307e-01 4.202029198765187614e-46
8.052039670825473783e-01 4.196386108007119318e-46
8.126619200091945716e-01 4.190951491861638362e-46
8.201889499202202893e-01 4.185717879568365004e-46
8.277856966198476885e-01 4.180678072297208948e-46
8.354528058382867384e-01 4.175825133329516155e-46
8.431909292866255345e-01 4.171152378595224233e-46
8.510007247122246543e-01 4.166653367553147896e-46
8.588828559546249908e-01 4.162321894401964016e-46
8.668379930019778357e-01 4.158151979609949619e-46
8.748668120479909938e-01 4.154137861751940040e-46
8.829699955494086927e-01 4.150273989642377367e-46
8.911482322840201808e-01 4.146555014753760366e-46
8.994022174092044519e-01 4.142975783910166458e-46
9.077326525210228647e-01 4.139531332245878043e-46
9.161402457138516642e-01 4.136216876419560829e-46
9.246257116405738330e-01 4.133027808074713327e-46
9.331897715733238341e-01 4.129959687537526713e-46
9.418331534647951253e-01 4.127008237743515175e-46
9.505565920101196609e-01 4.124169338384698481e-46
9.593608287093141618e-01 4.121439020269334741e-46
9.682466119303123619e-01 4.118813459886521062e-46
9.772146969725724608e-01 4.116288974168260581e-46
9.862658461312820979e-01 4.113862015441865874e-46
9.954008287621524120e-01 4.111529166565809850e-46
1.004620421346813064e+00 4.109287136242395847e-46
1.013925407558815328e+00 4.107132754500862111e-46
1.023316578330244919e+00 4.105062968344769993e-46
1.032794731918951436e+00 4.103074837557717326e-46
1.042360673976401086e+00 4.101165530661687576e-46
1.052015217616159015e+00 4.099332321022506418e-46
1.061759183483000024e+00 4.097572583097095931e-46
1.071593399822671211e+00 4.095883788817404107e-46
1.081518702552288103e+00 4.094263504106092697e-46
1.091535935331391149e+00 4.092709385519197135e-46
1.101645949633657029e+00 4.091219177011212617e-46
1.111849604819270976e+00 4.089790706818165435e-46
1.122147768207980123e+00 4.088421884454414591e-46
1.132541315152811423e+00 4.087110697819104483e-46
1.143031129114478572e+00 4.085855210408278182e-46
1.153618101736478607e+00 4.084653558628884792e-46
1.164303132920876838e+00 4.083503949210975888e-46
1.175087130904807653e+00 4.082404656714567238e-46
1.185971012337669439e+00 4.081354021127755593e-46
1.196955702359042695e+00 4.080350445552810257e-46
1.208042134677328905e+00 4.079392393977059448e-46
1.219231251649110614e+00 4.078478389125530753e-46
1.230524004359261570e+00 4.077607010392399850e-46
1.241921352701783388e+00 4.076776891848424574e-46
1.253424265461399401e+00 4.075986720321611432e-46
1.265033720395903893e+00 4.075235233548511005e-46
1.276750704319265850e+00 4.074521218393579913e-46
1.288576213185518071e+00 4.073843509134188590e-46
1.300511252173408572e+00 4.073200985808905464e-46
1.312556835771842678e+00 4.072592572626783007e-46
1.324713987866117382e+00 4.072017236435490965e-46
1.336983741824946614e+00 4.071473985246141251e-46
1.349367140588306535e+00 4.070961866812826366e-46
1.361865236756081288e+00 4.070479967264864427e-46
1.374479092677536762e+00 4.070027409789911122e-46
1.387209780541621029e+00 4.069603353366091914e-46
1.400058382468097440e+00 4.069206991541413597e-46
1.413025990599533710e+00 4.068837551258771892e-46
1.426113707194128333e+00 4.068494291724932422e-46
1.439322644719406519e+00 4.068176503321909091e-46
1.452653925946781222e+00 4.067883506559233892e-46
1.466108684046984356e+00 4.067614651065688417e-46
1.479688062686396410e+00 4.067369314619049433e-46
1.493393216124251799e+00 4.067146902212556462e-46
1.507225309310755490e+00 4.066946845156747883e-46
1.521185517986104907e+00 4.066768600215460597e-46
1.535275028780422657e+00 4.066611648774751006e-46
1.549495039314631617e+00 4.066475496043596931e-46
1.563846758302246176e+00 4.066359670285257985e-46
1.578331405652118047e+00 4.066263722078205392e-46
1.592950212572122881e+00 4.066187223605593658e-46
1.607704421673823658e+00 4.066129767972277642e-46
1.622595287078087090e+00 4.066090968548398795e-46
1.637624074521687234e+00 4.066070458338614106e-46
1.652792061464895657e+00 4.066067889376095764e-46
1.668100537200059241e+00 4.066082932140403081e-46
1.683550802961202297e+00 4.066115274998438698e-46
1.699144172034626088e+00 4.066164623667657503e-46
1.714881969870539091e+00 4.066230700700780745e-46
1.730765534195725763e+00 4.066313244991267014e-46
1.746796215127245810e+00 4.066412011298825210e-46
1.762975375287205715e+00 4.066526769794295107e-46
1.779304389918577423e+00 4.066657305623218728e-46
1.795784647002095058e+00 4.066803418487481812e-46
1.812417547374237659e+00 4.066964922244399943e-46
1.829204504846293711e+00 4.067141644522677605e-46
1.846146946324547677e+00 4.067333426354654433e-46
1.863246311931559873e+00 4.067540121824304238e-46
1.880504055128581431e+00 4.067761597730458644e-46
1.897921642839101475e+00 4.067997733264759053e-46
1.915500555573527830e+00 4.068248419703825072e-46
1.933242287555045236e+00 4.068513560115215495e-46
1.951148346846616422e+00 4.068793069076676961e-46
1.969220255479171566e+00 4.069086872408304604e-46
1.987459549580983698e+00 4.069394906917151058e-46
2.005867779508233806e+00 4.069717120153920565e-46
2.024446509976803643e+00 4.070053470181332785e-46
2.043197320195270450e+00 4.070403925353810166e-46
2.062121803999142244e+00 4.070768464108131822e-46
2.081221569986339226e+00 4.071147074764688313e-46
2.100498241653915521e+00 4.071539755339037077e-46
2.119953457536071006e+00 4.071946513363440352e-46
2.139588871343421683e+00 4.072367365718060443e-46
2.159406152103565457e+00 4.072802338471555628e-46
2.179406984302955763e+00 4.073251466730757779e-46
2.199593068030074594e+00 4.073714794499209226e-46
2.219966119119954673e+00 4.074192374544265594e-46
2.240527869300018349e+00 4.074684268272531264e-46
2.261280066337277184e+00 4.075190545613399534e-46
2.282224474186898444e+00 4.075711284910456331e-46
2.303362873142131395e+00 4.076246572820542126e-46
2.324697059985648018e+00 4.076796504220257356e-46
2.346228848142262624e+00 4.077361182119712205e-46
2.367960067833076110e+00 4.077940717583338739e-46
2.389892566231050175e+00 4.078535229657573243e-46
2.412028207618007070e+00 4.079144845305232193e-46
2.434368873543110379e+00 4.079769699346437946e-46
2.456916462982789984e+00 4.080409934405901250e-46
2.479672892502157389e+00 4.081065700866429092e-46
2.502640096417919402e+00 4.081737156828520216e-46
2.525820026962784848e+00 4.082424468075885732e-46
2.549214654451422923e+00 4.083127808046781239e-46
2.572825967447932349e+00 4.083847357811029115e-46
2.596655972934869716e+00 4.084583306052586303e-46
2.620706696483852571e+00 4.085335849057574333e-46
2.644980182427719928e+00 4.086105190707645597e-46
2.669478494034320804e+00 4.086891542478588604e-46
2.694203713681882384e+00 4.087695123444075803e-46
2.719157943036019098e+00 4.088516160284463695e-46
2.744343303228365283e+00 4.089354887300560482e-46
2.769761935036890943e+00 4.090211546432263996e-46
2.795415999067856649e+00 4.091086387282024801e-46
2.821307675939470627e+00 4.091979667143031003e-46
2.847439166467247595e+00 4.092891651032063445e-46
2.873812691851066248e+00 4.093822611726956695e-46
2.900430493863991543e+00 4.094772829808600515e-46
2.927294835042816068e+00 4.095742593707441341e-46
2.954407998880379971e+00 4.096732199754406772e-46
2.981772290019673477e+00 4.097741952236246846e-46
3.009390034449721085e+00 4.098772163455195643e-46
3.037263579703311400e+00 4.099823153792972663e-46
3.065395295056526859e+00 4.100895251779035302e-46
3.093787571730136854e+00 4.101988794163093317e-46
3.122442823092857811e+00 4.103104125991823044e-46
3.151363484866479325e+00 4.104241600689776710e-46
3.180552015332919868e+00 4.105401580144462722e-46
3.210010895543171650e+00 4.106584434795561923e-46
3.239742629528195472e+00 4.107790543728289157e-46
3.269749744511767808e+00 4.109020294770869027e-46
3.300034791125285416e+00 4.110274084596119614e-46
3.330600343624588788e+00 4.111552318827144173e-46
3.361449000108764906e+00 4.112855412147119123e-46
3.392583382740991915e+00 4.114183788413183002e-46
3.424006137971425723e+00 4.115537880774428731e-46
3.455719936762139621e+00 4.116918131793992170e-46
3.487727474814177775e+00 4.118324993575265759e-46
3.520031472796679051e+00 4.119758927892221681e-46
3.552634676578139139e+00 4.121220406323884222e-46
3.585539857459817181e+00 4.122709910392934212e-46
3.618749812411280242e+00 4.124227931708500780e-46
3.652267364308175335e+00 4.125774972113126412e-46
3.686095362172157941e+00 4.127351543833948110e-46
3.720236681413065849e+00 4.128958169638114085e-46
3.754694224073336972e+00 4.130595382992458553e-46
3.789470919074667599e+00 4.132263728227474294e-46
3.824569722466999000e+00 4.133963760705605546e-46
3.859993617679767119e+00 4.135696046993903233e-46
3.895745615775501047e+00 4.137461165041069743e-46
3.931828755705770284e+00 4.139259704358945396e-46
3.968246104569481680e+00 4.141092266208459916e-46
4.005000757873610873e+00 4.142959463790122818e-46
4.042095839796306045e+00 4.144861922439053486e-46
4.079534503452449279e+00 4.146800279824638064e-46
4.117319931161679492e+00 4.148775186154859043e-46
4.155455334718875626e+00 4.150787304385314685e-46
4.193943955667186252e+00 4.152837310433032489e-46
4.232789065573548726e+00 4.154925893395100053e-46
4.271993966306776969e+00 4.157053755772184116e-46
4.311561990318228510e+00 4.159221613696992227e-46
4.351496500925049915e+00 4.161430197167753281e-46
4.391800892596085859e+00 4.163680250286774469e-46
4.432478591240395893e+00 4.165972531504136899e-46
4.473533054498463279e+00 4.168307813866610753e-46
4.514967772036102112e+00 4.170686885271858468e-46
4.556786265841063610e+00 4.173110548728002141e-46
4.598992090522438403e+00 4.175579622618621308e-46
4.641588833612777520e+00 4.178094940973282191e-46
4.684580115873044903e+00 4.180657353743655222e-46
4.727969591600390764e+00 4.183267727085324292e-46
4.771760948938745805e+00 4.185926943645358506e-46
4.815957910192350866e+00 4.188635902855753027e-46
4.860564232142134067e+00 4.191395521232804336e-46
4.905583706365045593e+00 4.194206732682538937e-46
4.951020159556350997e+00 4.197070488812273280e-46
4.996877453854883910e+00 4.199987759248411486e-46
5.043159487171358535e+00 4.202959531960574986e-46
5.089870193519679731e+00 4.205986813592178428e-46
5.137013543351343969e+00 4.209070629797532747e-46
5.184593543892913381e+00 4.212212025585616975e-46
5.232614239486661489e+00 4.215412065670598914e-46
5.281079711934331122e+00 4.218671834829232233e-46
5.329994080844087989e+00 4.221992438265244354e-46
5.379361503980702786e+00 4.225375001980829458e-46
5.429186177618943177e+00 4.228820673155364084e-46
5.479472336900286678e+00 4.232330620531482218e-46
5.530224256192900256e+00 4.235906034808618781e-46
5.581446249454960373e+00 4.239548129044159970e-46
5.633142670601357871e+00 4.243258139062330368e-46
5.685317913873753071e+00 4.247037323870942832e-46
5.737976414214133847e+00 4.250886966086175295e-46
5.791122647641758547e+00 4.254808372365470151e-46
5.844761131633631202e+00 4.258802873848738265e-46
5.898896425508499242e+00 4.262871826607995162e-46
5.953533130814370189e+00 4.267016612105581086e-46
6.008675891719686746e+00 4.271238637661116621e-46
6.064329395408061707e+00 4.275539336927358003e-46
6.120498372476696147e+00 4.279920170375087464e-46
6.177187597338494207e+00 4.284382625787226096e-46
6.234401888627863819e+00 4.288928218762319345e-46
6.292146109610343707e+00 4.293558493227565501e-46
6.350425168595961622e+00 4.298275021961559096e-46
6.409244019356449940e+00 4.303079407126923450e-46
6.468607661546327492e+00 4.307973280813015161e-46
6.528521141127847649e+00 4.312958305588873245e-46
6.588989550799949413e+00 4.318036175066602705e-46
6.650018030431118277e+00 4.323208614475393247e-46
6.711611767496280301e+00 4.328477381246334131e-46
6.773775997517751613e+00 4.333844265608264004e-46
6.836516004510238886e+00 4.339311091194816702e-46
6.899837121430018705e+00 4.344879715662900290e-46
6.963744730628222079e+00 4.350552031322783581e-46
7.028244264308345812e+00 4.356329965780037505e-46
7.093341204987996917e+00 4.362215482589521112e-46
7.159041085964887863e+00 4.368210581921642486e-46
7.225349491787214085e+00 4.374317301241124021e-46
7.292272058728312523e+00 4.380537715998489099e-46
7.359814475265763711e+00 4.386873940334515199e-46
7.427982482564917888e+00 4.393328127797886797e-46
7.496781874966877091e+00 4.399902472076284539e-46
7.566218500481054932e+00 4.406599207741169707e-46
7.636298261282241207e+00 4.413420611006504355e-46
7.707027114212295693e+00 4.420369000501676258e-46
7.778411071286489786e+00 4.427446738058866692e-46
7.850456200204509294e+00 4.434656229515162105e-46
7.923168624866253396e+00 4.441999925529650019e-46
7.996554525892346277e+00 4.449480322415794778e-46
8.070620141149499105e+00 4.457099962989357605e-46
8.145371766280744552e+00 4.464861437432173680e-46
8.220815755240540312e+00 4.472767384172046052e-46
8.296958520834905926e+00 4.480820490779092424e-46
8.373806535266488993e+00 4.489023494878812402e-46
8.451366330684713546e+00 4.497379185082199582e-46
8.529644499741024788e+00 4.505890401933236857e-46
8.608647696149244410e+00 4.514560038874039410e-46
8.688382635251183927e+00 4.523391043228039013e-46
8.768856094587427208e+00 4.532386417201495880e-46
8.850074914473438525e+00 4.541549218903692790e-46
8.932045998580967705e+00 4.550882563386159193e-46
9.014776314524917566e+00 4.560389623701288564e-46
9.098272894455558202e+00 4.570073631980674932e-46
9.182542835656281710e+00 4.579937880533569206e-46
9.267593301146883178e+00 4.589985722965825547e-46
9.353431520292385670e+00 4.600220575319675396e-46
9.440064789417602853e+00 4.610645917234779553e-46
9.527500472427290035e+00 4.621265293130902891e-46
9.615746001432095014e+00 4.632082313412633334e-46
9.704808877380306953e+00 4.643100655696562799e-46
9.794696670695396179e+00 4.654324066061311277e-46
9.885417021919574054e+00 4.665756360320868553e-46
9.976977642363200616e+00 4.677401425321650276e-46
1.006938631476027091e+01 4.689263220263714116e-46
1.016265089392995158e+01 4.701345778046591049e-46
1.025677930744421928e+01 4.713653206640196177e-46
1.035177955630176250e+01 4.726189690481268692e-46
1.044765971560804196e+01 4.738959491895821701e-46
1.054442793526168387e+01 4.751966952548091219e-46
1.064209244064724658e+01 4.765216494916468925e-46
1.074066153333433427e+01 4.778712623796914974e-46
1.084014359178330977e+01 4.792459927834389166e-46
1.094054707205742361e+01 4.806463081082782742e-46
1.104188050854160252e+01 4.820726844593903881e-46
1.114415251466788170e+01 4.835256068036057524e-46
1.124737178364751955e+01 4.850055691342757823e-46
1.135154708920999056e+01 4.865130746392141051e-46
1.145668728634871414e+01 4.880486358717658497e-46
1.156280131207375383e+01 4.896127749250600868e-46
1.166989818617147456e+01 4.912060236095086604e-46
1.177798701197119335e+01 4.928289236336078843e-46
1.188707697711903322e+01 4.944820267881080570e-46
1.199717735435884336e+01 4.961658951336110803e-46
1.210829750232039359e+01 4.978811011916593447e-46
1.222044686631488730e+01 4.996282281393844905e-46
1.233363497913775930e+01 5.014078700077767202e-46
1.244787146187906224e+01 5.032206318836487917e-46
1.256316602474120181e+01 5.050671301153559128e-46
1.267952846786433874e+01 5.069479925223479243e-46
1.279696868215941663e+01 5.088638586086211355e-46
1.291549665014884063e+01 5.108153797801427770e-46
1.303512244681508925e+01 5.128032195663250025e-46
1.315585624045703916e+01 5.148280538456193060e-46
1.327770829355429072e+01 5.168905710753110053e-46
1.340068896363950657e+01 5.189914725255910399e-46
1.352480870417875458e+01 5.211314725179841105e-46
1.365007806546013747e+01 5.233112986682164752e-46
1.377650769549053500e+01 5.255316921336024311e-46
1.390410834090069692e+01 5.277934078650360616e-46
1.403289084785873087e+01 5.300972148636741257e-46
1.416286616299198720e+01 5.324438964423946444e-46
1.429404533431761060e+01 5.348342504921243747e-46
1.442643951218157383e+01 5.372690897531212818e-46
1.456005995020648491e+01 5.397492420913072210e-46
1.469491800624817301e+01 5.422755507797438647e-46
1.483102514336104427e+01 5.448488747853458405e-46
1.496839293077255562e+01 5.474700890609336839e-46
1.510703304486654019e+01 5.501400848427188602e-46
1.524695727017573077e+01 5.528597699533275042e-46
1.538817750038346333e+01 5.556300691104636890e-46
1.553070573933459997e+01 5.584519242413160717e-46
1.567455410205595001e+01 5.613262948028191517e-46
1.581973481578599916e+01 5.642541581078719766e-46
1.596626022101425058e+01 5.672365096576298122e-46
1.611414277253019733e+01 5.702743634799806323e-46
1.626339504048192097e+01 5.733687524743186016e-46
1.641402971144466605e+01 5.765207287627380752e-46
1.656605958949913671e+01 5.797313640477604433e-46
1.671949759731990071e+01 5.830017499767207678e-46
1.687435677727375705e+01 5.863329985129341615e-46
1.703065029252844198e+01 5.897262423137717362e-46
1.718839142817145671e+01 5.931826351157726812e-46
1.734759359233930809e+01 5.967033521269218326e-46
1.750827031735725114e+01 6.002895904262305732e-46
1.767043526088946592e+01 6.039425693707513577e-46
1.783410220710008076e+01 6.076635310101704703e-46
1.799928506782476489e+01 6.114537405091140541e-46
1.816599788375326696e+01 6.153144865773135754e-46
1.833425482562290654e+01 6.192470819077803087e-46
1.850407019542302223e+01 6.232528636231282381e-46
1.867545842761076003e+01 6.273331937302105957e-46
1.884843409033795325e+01 6.314894595832130108e-46
1.902301188668943865e+01 6.357230743553653807e-46
1.919920665593284781e+01 6.400354775194345703e-46
1.937703337477988796e+01 6.444281353371560849e-46
1.955650715865949252e+01 6.489025413577790383e-46
1.973764326300255334e+01 6.534602169258846568e-46
1.992045708453869324e+01 6.581027116986587893e-46
2.010496416260498975e+01 6.628316041727893992e-46
2.029118018046678174e+01 6.676485022211688053e-46
2.047912096665085357e+01 6.725550436395886859e-46
2.066880249629081945e+01 6.775528967036042670e-46
2.086024089248502733e+01 6.826437607357646542e-46
2.105345242766706093e+01 6.878293666833995765e-46
2.124845352498882889e+01 6.931114777071559222e-46
2.144526075971667467e+01 6.984918897804932379e-46
2.164389086064020518e+01 7.039724323003304823e-46
2.184436071149426084e+01 7.095549687090583395e-46
2.204668735239409827e+01 7.152413971281309297e-46
2.225088798128369305e+01 7.210336510034414221e-46
2.245697995539773828e+01 7.269336997627184131e-46
2.266498079273692667e+01 7.329435494851483510e-46
2.287490817355701722e+01 7.390652435834623497e-46
2.308677994187169702e+01 7.453008634987193532e-46
2.330061410696924540e+01 7.516525294080137257e-46
2.351642884494348706e+01 7.581224009453620979e-46
2.373424250023866122e+01 7.647126779359964564e-46
2.395407358720876800e+01 7.714256011443305969e-46
2.417594079169130694e+01 7.782634530358418621e-46
2.439986297259550341e+01 7.852285585531309316e-46
2.462585916350546711e+01 7.923232859064303626e-46
2.485394857429798421e+01 7.995500473788184287e-46
2.508415059277538717e+01 8.069113001464201566e-46
2.531648478631355559e+01 8.144095471138741968e-46
2.555097090352506939e+01 8.220473377653436983e-46
2.578762887593800812e+01 8.298272690313714465e-46
2.602647881969004473e+01 8.377519861718613230e-46
2.626754103723835598e+01 8.458241836754938149e-46
2.651083601908538867e+01 8.540466061758829914e-46
2.675638444552045314e+01 8.624220493847764524e-46
2.700420718837772682e+01 8.709533610426313356e-46
2.725432531281027693e+01 8.796434418868737995e-46
2.750676007908064591e+01 8.884952466381811365e-46
2.776153294436801033e+01 8.975117850051183588e-46
2.801866556459195223e+01 9.066961227074670101e-46
2.827817979625341138e+01 9.160513825186090062e-46
2.854009769829237442e+01 9.255807453272981243e-46
2.880444153396297935e+01 9.352874512191984331e-46
2.907123377272578324e+01 9.451748005785431314e-46
2.934049709215787161e+01 9.552461552103070908e-46
2.961225437988034415e+01 9.655049394832509234e-46
2.988652873550382694e+01 9.759546414942465190e-46
3.016334347259197202e+01 9.865988142542645852e-46
3.044272212064302607e+01 9.974410768964346025e-46
3.072468842709003667e+01 1.008485115906594444e-45
3.100926635931926612e+01 1.019734686376730423e-45
3.129648010670750580e+01 1.031193613281749605e-45
3.158635408267819145e+01 1.042865792780013771e-45
3.187891292677645794e+01 1.054755193538069232e-45
3.217418150676371624e+01 1.066865858080044384e-45
3.247218492073128715e+01 1.079201904162145284e-45
3.277294849923382003e+01 1.091767526172738728e-45
3.307649780744242207e+01 1.104566996558489058e-45
3.338285864731761166e+01 1.117604667277033494e-45
3.369205705980267140e+01 1.130884971276697859e-45
3.400411932703705986e+01 1.144412424003746507e-45
3.431907197459042891e+01 1.158191624937678918e-45
3.463694177371734639e+01 1.172227259155106567e-45
3.495775574363275240e+01 1.186524098922721470e-45
3.528154115380883127e+01 1.201087005319928747e-45
3.560832552629278069e+01 1.215920929891658476e-45
3.593813663804625946e+01 1.231030916331945847e-45
3.627100252330648544e+01 1.246422102198842954e-45
3.660695147596902643e+01 1.262099720661237700e-45
3.694601205199302285e+01 1.278069102278196191e-45
3.728821307182833777e+01 1.294335676811405211e-45
3.763358362286532355e+01 1.310904975071347934e-45
3.798215306190736129e+01 1.327782630797845471e-45
3.833395101766601698e+01 1.344974382575577048e-45
3.868900739327975202e+01 1.362486075785273776e-45
3.904735236885559857e+01 1.380323664591204422e-45
3.940901640403447459e+01 1.398493213965654053e-45
3.977403024058036607e+01 1.417000901751085524e-45
4.014242490499322003e+01 1.435853020760661032e-45
4.051423171114647204e+01 1.455055980917880149e-45
4.088948226294860433e+01 1.474616311436015274e-45
4.126820845702951601e+01 1.494540663038113996e-45
4.165044248545184757e+01 1.514835810218320250e-45
4.203621683844713885e+01 1.535508653545268352e-45
4.242556430717777260e+01 1.556566222008359200e-45
4.281851798652411389e+01 1.578015675407686897e-45
4.321511127789761986e+01 1.599864306788448717e-45
4.361537789208005478e+01 1.622119544920662363e-45
4.401935185208874657e+01 1.644788956825018174e-45
4.442706749606882966e+01 1.667880250345759276e-45
4.483855948021186322e+01 1.691401276771425742e-45
4.525386278170167031e+01 1.715360033504377243e-45
4.567301270168746896e+01 1.739764666779998999e-45
4.609604486828433778e+01 1.764623474436500540e-45
4.652299523960189020e+01 1.789944908736282414e-45
4.695390010680058168e+01 1.815737579239790295e-45
4.738879609717650965e+01 1.842010255732856217e-45
4.782772017727485547e+01 1.868771871208527600e-45
4.827070965603183339e+01 1.896031524904365120e-45
4.871780218794631168e+01 1.923798485396302498e-45
4.916903577628026056e+01 1.952082193750048023e-45
4.962444877628913531e+01 1.980892266731153865e-45
5.008407989848212338e+01 2.010238500074820107e-45
5.054796821191240497e+01 2.040130871816540578e-45
5.101615314749833630e+01 2.070579545684758231e-45
5.148867450137492341e+01 2.101594874556632791e-45
5.196557243827657402e+01 2.133187403978131348e-45
5.244688749495119140e+01 2.165367875749632994e-45
5.293266058360561033e+01 2.198147231578239206e-45
5.342293299538351903e+01 2.231536616798097424e-45
5.391774640387500028e+01 2.265547384159919272e-45
5.441714286865892802e+01 2.300191097691043199e-45
5.492116483887789258e+01 2.335479536627314433e-45
5.542985515684669195e+01 2.371424699418177173e-45
5.594325706169377810e+01 2.408038807806258127e-45
5.646141419303666709e+01 2.445334310982895737e-45
5.698437059469141985e+01 2.483323889821004674e-45
5.751217071841613659e+01 2.522020461186689800e-45
5.804485942768977935e+01 2.561437182331147596e-45
5.858248200152535645e+01 2.601587455364255567e-45
5.912508413831875487e+01 2.642484931811438027e-45
5.967271195973316367e+01 2.684143517255334165e-45
6.022541201461928040e+01 2.726577376063834091e-45
6.078323128297230227e+01 2.769800936206136640e-45
6.134621717992506262e+01 2.813828894158399600e-45
6.191441755977841410e+01 2.858676219900704310e-45
6.248788072006894367e+01 2.904358162007016046e-45
6.306665540567405515e+01 2.950890252829840974e-45
6.365079081295571228e+01 2.998288313781425094e-45
6.424033659394190465e+01 3.046568460713183784e-45
6.483534286054720042e+01 3.095747109395272120e-45
6.543586018883236477e+01 3.145840981098127376e-45
6.604193962330305112e+01 3.196867108277855613e-45
6.665363268124913532e+01 3.248842840367492910e-45
6.727099135712336420e+01 3.301785849675967080e-45
6.789406812696105931e+01 3.355714137396885646e-45
6.852291595284064840e+01 3.410646039729136466e-45
6.915758828738525210e+01 3.466600234111373276e-45
6.979813907830660469e+01 3.523595745572580374e-45
7.044462277299037112e+01 3.581651953200761966e-45
7.109709432312430977e+01 3.640788596732050584e-45
7.175560918936928090e+01 3.701025783262432557e-45
7.242022334607315770e+01 3.762383994084352597e-45
7.309099328602910361e+01 3.824884091650612023e-45
7.376797602527730646e+01 3.888547326667808393e-45
7.445122910795134885e+01 3.953395345321797640e-45
7.514081061116969806e+01 4.019450196637654243e-45
7.583677914997190328e+01 4.086734339976530263e-45
7.653919388230147547e+01 4.155270652672142044e-45
7.724811451403400042e+01 4.225082437809266115e-45
7.796360130405228972e+01 4.296193432147053380e-45
7.868571506936851279e+01 4.368627814189792048e-45
7.941451719029339529e+01 4.442410212407826319e-45
8.015006961565404708e+01 4.517565713611543203e-45
8.089243486805938232e+01 4.594119871481140706e-45
8.164167604921463806e+01 4.672098715255145124e-45
8.239785684528519027e+01 4.751528758580654562e-45
8.316104153230961060e+01 4.832437008528227867e-45
8.393129498166364044e+01 4.914850974774620739e-45
8.470868266557401682e+01 4.998798678956354183e-45
8.549327066268375575e+01 5.084308664197371195e-45
8.628512566366894987e+01 5.171410004814011422e-45
8.708431497690723688e+01 5.260132316200571503e-45
8.789090653419954435e+01 5.350505764898895528e-45
8.870496889654403105e+01 5.442561078855298174e-45
8.952657125996391585e+01 5.536329557868403097e-45
9.035578346138929362e+01 5.631843084231425047e-45
9.119267598459298085e+01 5.729134133572446538e-45
9.203731996618220990e+01 5.828235785896551720e-45
9.288978720164497815e+01 5.929181736833327215e-45
9.375015015145289965e+01 6.032006309093781729e-45
9.461848194722001892e+01 6.136744464140377811e-45
9.549485639791966207e+01 6.243431814074378759e-45
9.637934799615786119e+01 6.352104633744300518e-45
9.727203192450537017e+01 6.462799873079759931e-45
9.817298406188841398e+01 6.575555169654871370e-45
9.908228099003797240e+01 6.690408861485361140e-45
1.000000000000000000e+02 6.807400000063993505e-45
