1.000000000000000056e-01 3.157120523333333619e-45
1.005725822180162793e-01 3.127542065363707338e-45
1.011484429399964607e-01 3.098631472023946669e-45
1.017276009380712193e-01 3.070373663586944786e-45
1.023100750918572027e-01 3.042753900814156298e-45
1.028958843890722674e-01 3.015757777267666744e-45
1.034850479261546913e-01 2.989371211795846266e-45
1.040775849088854954e-01 2.963580441188672539e-45
1.046735146530145683e-01 2.938372012998889597e-45
1.052728565848904119e-01 2.913732778525261889e-45
1.058756302420932743e-01 2.889649885954258221e-45
1.064818552740721541e-01 2.866110773656588580e-45
1.070915514427853432e-01 2.843103163635102741e-45
1.077047386233444953e-01 2.820615055120632971e-45
1.083214368046626908e-01 2.798634718312431604e-45
1.089416660901059292e-01 2.777150688259945122e-45
1.095654466981485775e-01 2.756151758882734185e-45
1.101927989630322735e-01 2.735626977125423148e-45
1.108237433354290202e-01 2.715565637244618566e-45
1.114583003831077085e-01 2.695957275224825210e-45
1.120964907916045528e-01 2.676791663320455925e-45
1.127383353648975517e-01 2.658058804721065287e-45
1.133838550260845152e-01 2.639748928337044647e-45
1.140330708180652269e-01 2.621852483703054144e-45
1.146860039042274099e-01 2.604360135996524488e-45
1.153426755691364658e-01 2.587262761168643789e-45
1.160031072192295731e-01 2.570551441185277691e-45
1.166673203835132400e-01 2.554217459375347589e-45
1.173353367142653397e-01 2.538252295884240599e-45
1.180071779877407412e-01 2.522647623229872512e-45
1.186828661048813655e-01 2.507395301959097808e-45
1.193624230920300178e-01 2.492487376402191277e-45
1.200458711016483271e-01 2.477916070523187411e-45
1.207332324130391404e-01 2.463673783863920984e-45
1.214245294330724562e-01 2.449753087579645835e-45
1.221197846969161727e-01 2.436146720564163947e-45
1.228190208687705010e-01 2.422847585662447940e-45
1.235222607426067903e-01 2.409848745968784288e-45
1.242295272429106839e-01 2.397143421208490391e-45
1.249408434254292710e-01 2.384724984201340446e-45
1.256562324779228468e-01 2.372586957404836667e-45
1.263757177209206550e-01 2.360723009535538881e-45
1.270993226084810857e-01 2.349126952266673054e-45
1.278270707289564101e-01 2.337792737000309276e-45
1.285589858057614998e-01 2.326714451712424317e-45
1.292950916981473741e-01 2.315886317869195313e-45
1.300354124019788282e-01 2.305302687412923072e-45
1.307799720505166963e-01 2.294958039816013084e-45
1.315287949152046387e-01 2.284846979201469046e-45
1.322819054064602040e-01 2.274964231528413790e-45
1.330393280744706919e-01 2.265304641841147814e-45
1.338010876099934854e-01 2.255863171580327197e-45
1.345672088451606851e-01 2.246634895954858860e-45
1.353377167542889337e-01 2.237615001373123552e-45
1.361126364546932366e-01 2.228798782932210104e-45
1.368919932075059465e-01 2.220181641963838554e-45
1.376758124185002152e-01 2.211759083635691125e-45
1.384641196389179985e-01 2.203526714606908957e-45
1.392569405663032500e-01 2.195480240736519315e-45
1.400543010453393911e-01 2.187615464843612768e-45
1.408562270686919693e-01 2.179928284518085174e-45
1.416627447778559812e-01 2.172414689980819025e-45
1.424738804640078016e-01 2.165070761992177171e-45
1.432896605688624703e-01 2.157892669807720218e-45
1.441101116855356412e-01 2.150876669180083746e-45
1.449352605594104726e-01 2.144019100405970227e-45
1.457651340890092073e-01 2.137316386417244995e-45
1.465997593268704990e-01 2.130765030915122561e-45
1.474391634804307905e-01 2.124361616546490513e-45
1.482833739129116868e-01 2.118102803121409559e-45
1.491324181442116592e-01 2.111985325870856250e-45
1.499863238518030772e-01 2.106005993743812271e-45
1.508451188716348479e-01 2.100161687742797037e-45
1.517088311990393568e-01 2.094449359296987609e-45
1.525774889896453768e-01 2.088866028672070578e-45
1.534511205602958617e-01 2.083408783415999818e-45
1.543297543899708191e-01 2.078074776839845819e-45
1.552134191207160396e-01 2.072861226532947526e-45
1.561021435585763228e-01 2.067765412911592854e-45
1.569959566745349755e-01 2.062784677800466169e-45
1.578948876054579453e-01 2.057916423046128441e-45
1.587989656550435891e-01 2.053158109161800712e-45
1.597082202947781582e-01 2.048507254002752667e-45
1.606226811648963360e-01 2.043961431471594661e-45
1.615423780753474925e-01 2.039518270252808266e-45
1.624673410067676016e-01 2.035175452575846072e-45
1.633976001114562371e-01 2.030930713006164409e-45
1.643331857143598140e-01 2.026781837263548360e-45
1.652741283140598816e-01 2.022726661067126347e-45
1.662204585837676052e-01 2.018763069006453865e-45
1.671722073723234114e-01 2.014888993438096326e-45
1.681294057052026281e-01 2.011102413407120463e-45
1.690920847855270914e-01 2.007401353592941366e-45
1.700602759950820275e-01 2.003783883278970997e-45
1.710340108953392613e-01 2.000248115345530826e-45
1.720133212284860602e-01 1.996792205285502741e-45
1.729982389184596125e-01 1.993414350242211372e-45
1.739887960719880278e-01 1.990112788069023488e-45
1.749850249796368329e-01 1.986885796410186552e-45
1.759869581168615749e-01 1.983731691802420718e-45
1.769946281450665293e-01 1.980648828796791629e-45
1.780080679126692378e-01 1.977635599100422201e-45
1.790273104561715123e-01 1.974690430737568238e-45
1.800523890012363515e-01 1.971811787229653716e-45
1.810833369637709356e-01 1.968998166793805227e-45
1.821201879510160049e-01 1.966248101559495695e-45
1.831629757626414001e-01 1.963560156802868633e-45
1.842117343918477368e-01 1.960932930198353335e-45
1.852664980264748240e-01 1.958365051087178689e-45
1.863273010501159122e-01 1.955855179762402544e-45
1.873941780432385740e-01 1.953402006770087942e-45
1.884671637843119696e-01 1.951004252226253454e-45
1.895462932509405507e-01 1.948660665149254402e-45
1.906316016210043984e-01 1.946370022807228772e-45
1.917231242738059449e-01 1.944131130080286993e-45
1.928208967912230232e-01 1.941942818837099605e-45
1.939249549588691335e-01 1.939803947325558895e-45
1.950353347672596771e-01 1.937713399577205213e-45
1.961520724129855175e-01 1.935670084825095330e-45
1.972752042998927313e-01 1.933672936934820315e-45
1.984047670402692143e-01 1.931720913848367429e-45
1.995407974560384490e-01 1.929812997040542218e-45
2.006833325799596002e-01 1.927948190987663969e-45
2.018324096568349102e-01 1.926125522648256326e-45
2.029880661447237555e-01 1.924344040955465491e-45
2.041503397161636146e-01 1.922602816320941224e-45
2.053192682593981966e-01 1.920900940149917713e-45
2.064948898796126475e-01 1.919237524367245079e-45
2.076772429001755849e-01 1.917611700954123541e-45
2.088663658638885146e-01 1.916022621495298467e-45
2.100622975342420207e-01 1.914469456736478901e-45
2.112650768966795323e-01 1.912951396151750261e-45
2.124747431598683345e-01 1.911467647520756853e-45
2.136913357569774907e-01 1.910017436515428630e-45
2.149148943469634532e-01 1.908600006296041528e-45
2.161454588158626677e-01 1.907214617116399517e-45
2.173830692780920060e-01 1.905860545937933281e-45
2.186277660777563581e-01 1.904537086052507084e-45
2.198795897899638030e-01 1.903243546713750545e-45
2.211385812221483282e-01 1.901979252776709336e-45
2.224047814153998770e-01 1.900743544345636829e-45
2.236782316458024167e-01 1.899535776429735026e-45
2.249589734257795570e-01 1.898355318606675189e-45
2.262470485054475233e-01 1.897201554693708992e-45
2.275424988739764287e-01 1.896073882426212135e-45
2.288453667609587627e-01 1.894971713143486790e-45
2.301556946377861512e-01 1.893894471481652997e-45
2.314735252190339432e-01 1.892841595073483078e-45
2.327989014638535414e-01 1.891812534255009181e-45
2.341318665773728658e-01 1.890806751778756467e-45
2.354724640121045598e-01 1.889823722533454459e-45
2.368207374693626355e-01 1.888862933270074704e-45
2.381767309006872224e-01 1.887923882334057848e-45
2.395404885092770886e-01 1.887006079403585130e-45
2.409120547514305155e-01 1.886109045233762042e-45
2.422914743379949165e-01 1.885232311406578824e-45
2.436787922358237268e-01 1.884375420086514294e-45
2.450740536692428972e-01 1.883537923781663852e-45
2.464773041215247151e-01 1.882719385110258170e-45
2.478885893363704518e-01 1.881919376572454017e-45
2.493079553194019471e-01 1.881137480327282727e-45
2.507354483396608269e-01 1.880373287974632458e-45
2.521711149311171019e-01 1.879626400342151922e-45
2.536150018941861206e-01 1.878896427276973223e-45
2.550671562972539608e-01 1.878182987442131509e-45
2.565276254782117848e-01 1.877485708117586865e-45
2.579964570459994389e-01 1.876804225005735788e-45
2.594736988821568224e-01 1.876138182041318299e-45
2.609593991423851955e-01 1.875487231205616441e-45
2.624536062581167006e-01 1.874851032344850823e-45
2.639563689380931000e-01 1.874229252992673468e-45
2.654677361699540605e-01 1.873621568196677304e-45
2.669877572218335993e-01 1.873027660348814326e-45
2.685164816439663538e-01 1.872447219019656789e-45
2.700539592703026792e-01 1.871879940796384741e-45
2.716002402201333488e-01 1.871325529124448550e-45
2.731553748997233577e-01 1.870783694152796917e-45
2.747194140039548316e-01 1.870254152582606266e-45
2.762924085179800926e-01 1.869736627519423453e-45
2.778744097188829976e-01 1.869230848328649930e-45
2.794654691773509891e-01 1.868736550494288631e-45
2.810656387593562511e-01 1.868253475480882645e-45
2.826749706278461893e-01 1.867781370598570064e-45
2.842935172444440717e-01 1.867319988871189661e-45
2.859213313711588267e-01 1.866869088907363040e-45
2.875584660721055008e-01 1.866428434774491334e-45
2.892049747152347083e-01 1.865997795875596444e-45
2.908609109740726284e-01 1.865576946828942095e-45
2.925263288294703834e-01 1.865165667350379334e-45
2.942012825713638535e-01 1.864763742138345207e-45
2.958858268005432612e-01 1.864370960761461411e-45
2.975800164304336359e-01 1.863987117548670696e-45
2.992839066888842714e-01 1.863612011481855620e-45
3.009975531199692300e-01 1.863245446090883980e-45
3.027210115857983941e-01 1.862887229351023644e-45
3.044543382683376209e-01 1.862537173582676710e-45
3.061975896712412770e-01 1.862195095353376660e-45
3.079508226216933209e-01 1.861860815382000287e-45
3.097140942722599877e-01 1.861534158445145851e-45
3.114874621027531876e-01 1.861214953285623018e-45
3.132709839221037296e-01 1.860903032523012263e-45
3.150647178702463136e-01 1.860598232566244882e-45
3.168687224200145702e-01 1.860300393528157573e-45
3.186830563790469251e-01 1.860009359141979256e-45
3.205077788917042314e-01 1.859724976679702230e-45
3.223429494409970064e-01 1.859447096872299069e-45
3.241886278505253793e-01 1.859175573831744198e-45
3.260448742864285321e-01 1.858910264974794397e-45
3.279117492593461303e-01 1.858651030948492783e-45
3.297893136263913560e-01 1.858397735557359521e-45
3.316776285931339885e-01 1.858150245692220139e-45
3.335767557155964180e-01 1.857908431260652438e-45
3.354867569022595419e-01 1.857672165118994453e-45
3.374076944160813718e-01 1.857441323005901626e-45
3.393396308765266323e-01 1.857215783477390976e-45
3.412826292616076840e-01 1.856995427843367583e-45
3.432367529099381587e-01 1.856780140105576466e-45
3.452020655227969193e-01 1.856569806896960225e-45
3.471786311662053426e-01 1.856364317422387937e-45
3.491665142730154270e-01 1.856163563400723237e-45
3.511657796450099456e-01 1.855967439008200170e-45
3.531764924550155893e-01 1.855775840823085027e-45
3.551987182490266015e-01 1.855588667771580918e-45
3.572325229483422904e-01 1.855405821074963258e-45
3.592779728517154769e-01 1.855227204197906646e-45
3.613351346375137663e-01 1.855052722797978255e-45
3.634040753658934197e-01 1.854882284676279670e-45
3.654848624809849955e-01 1.854715799729198610e-45
3.675775638130924228e-01 1.854553179901254650e-45
3.696822475809036224e-01 1.854394339139011883e-45
3.717989823937147831e-01 1.854239193346032686e-45
3.739278372536667394e-01 1.854087660338850516e-45
3.760688815579941169e-01 1.853939659803940242e-45
3.782221851012879665e-01 1.853795113255660523e-45
3.803878180777705009e-01 1.853653943995146122e-45
3.825658510835839299e-01 1.853516077070135854e-45
3.847563551190912867e-01 1.853381439235700384e-45
3.869594015911907436e-01 1.853249958915869866e-45
3.891750623156441935e-01 1.853121566166120363e-45
3.914034095194173224e-01 1.852996192636715001e-45
3.936445158430349478e-01 1.852873771536871220e-45
3.958984543429485137e-01 1.852754237599742937e-45
3.981652984939175188e-01 1.852637527048192716e-45
4.004451221914052117e-01 1.852523577561338394e-45
4.027379997539867196e-01 1.852412328241861402e-45
4.050440059257724990e-01 1.852303719584047541e-45
4.073632158788443869e-01 1.852197693442562064e-45
4.096957052157058632e-01 1.852094193001921121e-45
4.120415499717475227e-01 1.851993162746663294e-45
4.144008266177243716e-01 1.851894548432192586e-45
4.167736120622500540e-01 1.851798297056280440e-45
4.191599836543026258e-01 1.851704356831220544e-45
4.215600191857470924e-01 1.851612677156606868e-45
4.239737968938707691e-01 1.851523208592731217e-45
4.264013954639335191e-01 1.851435902834586886e-45
4.288428940317333682e-01 1.851350712686458538e-45
4.312983721861854414e-01 1.851267592037089263e-45
4.337679099719172204e-01 1.851186495835407702e-45
4.362515878918773460e-01 1.851107380066813385e-45
4.387494869099599071e-01 1.851030201729991637e-45
4.412616884536440520e-01 1.850954918814258389e-45
4.437882744166480320e-01 1.850881490277421793e-45
4.463293271615990099e-01 1.850809876024137954e-45
4.488849295227181346e-01 1.850740036884769795e-45
4.514551648085201041e-01 1.850671934594713575e-45
4.540401168045298808e-01 1.850605531774204584e-45
4.566398697760129521e-01 1.850540791908576178e-45
4.592545084707231884e-01 1.850477679328969372e-45
4.618841181216645775e-01 1.850416159193480523e-45
4.645287844498705576e-01 1.850356197468735601e-45
4.671885936671977824e-01 1.850297760911886702e-45
4.698636324791364838e-01 1.850240817053016464e-45
4.725539880876374332e-01 1.850185334177941393e-45
4.752597481939540014e-01 1.850131281311406919e-45
4.779810010015015376e-01 1.850078628200667036e-45
4.807178352187324588e-01 1.850027345299435146e-45
4.834703400620277147e-01 1.849977403752201440e-45
4.862386052586057938e-01 1.849928775378907475e-45
4.890227210494469401e-01 1.849881432659969869e-45
4.918227781922354103e-01 1.849835348721643766e-45
4.946388679643178854e-01 1.849790497321724838e-45
4.974710821656785908e-01 1.849746852835568658e-45
5.003195131219325686e-01 1.849704390242439584e-45
5.031842536873343263e-01 1.849663085112162388e-45
5.060653972478058593e-01 1.849622913592082864e-45
5.089630377239803272e-01 1.849583852394326827e-45
5.118772695742633827e-01 1.849545878783345989e-45
5.148081877979129306e-01 1.849508970563754456e-45
5.177558879381356505e-01 1.849473106068438411e-45
5.207204660852018385e-01 1.849438264146939304e-45
5.237020188795771247e-01 1.849404424154104935e-45
5.267006435150738408e-01 1.849371565938996929e-45
5.297164377420185977e-01 1.849339669834056159e-45
5.327494998704386253e-01 1.849308716644510861e-45
5.357999287732675420e-01 1.849278687638035535e-45
5.388678238895671102e-01 1.849249564534640731e-45
5.419532852277700874e-01 1.849221329496796492e-45
5.450564133689393964e-01 1.849193965119784510e-45
5.481773094700472804e-01 1.849167454422268698e-45
5.513160752672729981e-01 1.849141780837088863e-45
5.544728130793186160e-01 1.849116928202257247e-45
5.576476258107453399e-01 1.849092880752170695e-45
5.608406169553278309e-01 1.849069623109019783e-45
5.640518905994267307e-01 1.849047140274399572e-45
5.672815514253838343e-01 1.849025417621111718e-45
5.705297047149324730e-01 1.849004440885157941e-45
5.737964563526311013e-01 1.848984196157916760e-45
5.770819128293137590e-01 1.848964669878500699e-45
5.803861812455626268e-01 1.848945848826294267e-45
5.837093693151985674e-01 1.848927720113659964e-45
5.870515853687923169e-01 1.848910271178817594e-45
5.904129383571967704e-01 1.848893489778884758e-45
5.937935378550974752e-01 1.848877363983084429e-45
5.971934940645855505e-01 1.848861882166104066e-45
6.006129178187495921e-01 1.848847033001616208e-45
6.040519205852884488e-01 1.848832805455944686e-45
6.075106144701457600e-01 1.848819188781881754e-45
6.109891122211632553e-01 1.848806172512646156e-45
6.144875272317571469e-01 1.848793746455989935e-45
6.180059735446142843e-01 1.848781900688433117e-45
6.215445658554090702e-01 1.848770625549643086e-45
6.251034195165438012e-01 1.848759911636939041e-45
6.286826505409072174e-01 1.848749749799928996e-45
6.322823756056578093e-01 1.848740131135273741e-45
6.359027120560268864e-01 1.848731046981572139e-45
6.395437779091428521e-01 1.848722488914367786e-45
6.432056918578803462e-01 1.848714448741274829e-45
6.468885732747271522e-01 1.848706918497218606e-45
6.505925422156775273e-01 1.848699890439788297e-45
6.543177194241445171e-01 1.848693357044704393e-45
6.580642263348968068e-01 1.848687311001386351e-45
6.618321850780169990e-01 1.848681745208633822e-45
6.656217184828823186e-01 1.848676652770406203e-45
6.694329500821697421e-01 1.848672026991706111e-45
6.732660041158819997e-01 1.848667861374560562e-45
6.771210055353983348e-01 1.848664149614098602e-45
6.809980800075471352e-01 1.848660885594723842e-45
6.848973539187026560e-01 1.848658063386378784e-45
6.888189543789052793e-01 1.848655677240903419e-45
6.927630092260045336e-01 1.848653721588475979e-45
6.967296470298270927e-01 1.848652191034145782e-45
7.007189970963676462e-01 1.848651080354448219e-45
7.047311894720034164e-01 1.848650384494103139e-45
7.087663549477348779e-01 1.848650098562794747e-45
7.128246250634477921e-01 1.848650217832029914e-45
7.169061321122024433e-01 1.848650737732074278e-45
7.210110091445451896e-01 1.848651653848967993e-45
7.251393899728465486e-01 1.848652961921606830e-45
7.292914091756629302e-01 1.848654657838906651e-45
7.334672021021231281e-01 1.848656737637031999e-45
7.376669048763415670e-01 1.848659197496696235e-45
7.418906544018545324e-01 1.848662033740531076e-45
7.461385883660840435e-01 1.848665242830519283e-45
7.504108452448261524e-01 1.848668821365498303e-45
7.547075643067636674e-01 1.848672766078722093e-45
7.590288856180080757e-01 1.848677073835489214e-45
7.633749500466638915e-01 1.848681741630827869e-45
7.677458992674217608e-01 1.848686766587249399e-45
7.721418757661763221e-01 1.848692145952548132e-45
7.765630228446708250e-01 1.848697877097670934e-45
7.810094846251692813e-01 1.848703957514632190e-45
7.854814060551534860e-01 1.848710384814493189e-45
7.899789329120495696e-01 1.848717156725387562e-45
7.945022118079788642e-01 1.848724271090605838e-45
7.990513901945373032e-01 1.848731725866726360e-45
8.036266163676033525e-01 1.848739519121799722e-45
8.082280394721701455e-01 1.848747649033584544e-45
8.128558095072094813e-01 1.848756113887824940e-45
8.175100773305600255e-01 1.848764912076582752e-45
8.221909946638459310e-01 1.848774042096613963e-45
8.268987140974224381e-01 1.848783502547788365e-45
8.316333890953495622e-01 1.848793292131556514e-45
8.363951740003958690e-01 1.848803409649459637e-45
8.411842240390684511e-01 1.848813854001683086e-45
8.460006953266743235e-01 1.848824624185650870e-45
8.508447448724091311e-01 1.848835719294659706e-45
8.557165305844744996e-01 1.848847138516558184e-45
8.606162112752271387e-01 1.848858881132460468e-45
8.655439466663544801e-01 1.848870946515503870e-45
8.704998973940822893e-01 1.848883334129636298e-45
8.754842250144110327e-01 1.848896043528452553e-45
8.804970920083811103e-01 1.848909074354054891e-45
8.855386617873717281e-01 1.848922426335959952e-45
8.906090986984255276e-01 1.848936099290032448e-45
8.957085680296079655e-01 1.848950093117460231e-45
9.008372360153936720e-01 1.848964407803757367e-45
9.059952698420871142e-01 1.848979043417802988e-45
9.111828376532716822e-01 1.848994000110915312e-45
9.164001085552905268e-01 1.849009278115952725e-45
9.216472526227601492e-01 1.849024877746447851e-45
9.269244409041136334e-01 1.849040799395773975e-45
9.322318454271774080e-01 1.849057043536341658e-45
9.375696392047785377e-01 1.849073610718819920e-45
9.429379962403845461e-01 1.849090501571395394e-45
9.483370915337762108e-01 1.849107716799051702e-45
9.537671010867513344e-01 1.849125257182881495e-45
9.592282019088633760e-01 1.849143123579424642e-45
9.647205720231909476e-01 1.849161316920033478e-45
9.702443904721407275e-01 1.849179838210265749e-45
9.757998373232847911e-01 1.849198688529302143e-45
9.813870936752296936e-01 1.849217869029390877e-45
9.870063416635207476e-01 1.849237380935314393e-45
9.926577644665792732e-01 1.849257225543886844e-45
9.983415463116728228e-01 1.849277404223471814e-45
1.004057872480922375e+00 1.849297918413521811e-45
1.009806929317340840e+00 1.849318769624147950e-45
1.015588904230908085e+00 1.849339959435707986e-45
1.021403985704680606e+00 1.849361489498417687e-45
1.027252363300935611e+00 1.849383361531986166e-45
1.033134227667348748e+00 1.849405577325273929e-45
1.039049770543211793e+00 1.849428138735969896e-45
1.044999184765680988e+00 1.849451047690292385e-45
1.050982664276064460e+00 1.849474306182710638e-45
1.057000404126143378e+00 1.849497916275686249e-45
1.063052600484529764e+00 1.849521880099437934e-45
1.069139450643063816e+00 1.849546199851721863e-45
1.075261153023242988e+00 1.849570877797637498e-45
1.081417907182691263e+00 1.849595916269448372e-45
1.087609913821663055e+00 1.849621317666424335e-45
1.093837374789588202e+00 1.849647084454704336e-45
1.100100493091649367e+00 1.849673219167175697e-45
1.106399472895401415e+00 1.849699724403372989e-45
1.112734519537426969e+00 1.849726602829395890e-45
1.119105839530027069e+00 1.849753857177844461e-45
1.125513640567957774e+00 1.849781490247771856e-45
1.131958131535197420e+00 1.849809504904657872e-45
1.138439522511757396e+00 1.849837904080395567e-45
1.144958024780529549e+00 1.849866690773297490e-45
1.151513850834173347e+00 1.849895868048121499e-45
1.158107214382044337e+00 1.849925439036108726e-45
1.164738330357159457e+00 1.849955406935040514e-45
1.171407414923204326e+00 1.849985775009314033e-45
1.178114685481579160e+00 1.850016546590030950e-45
1.184860360678485103e+00 1.850047725075103848e-45
1.191644660412053636e+00 1.850079313929379749e-45
1.198467805839513511e+00 1.850111316684777338e-45
1.205330019384400320e+00 1.850143736940442530e-45
1.212231524743808242e+00 1.850176578362918053e-45
1.219172546895678888e+00 1.850209844686327958e-45
1.226153312106139648e+00 1.850243539712580179e-45
1.233174047936876905e+00 1.850277667311581539e-45
1.240234983252554990e+00 1.850312231421469866e-45
1.247336348228276881e+00 1.850347236048860736e-45
1.254478374357085535e+00 1.850382685269107599e-45
1.261661294457513849e+00 1.850418583226579942e-45
1.268885342681171702e+00 1.850454934134952353e-45
1.276150754520378960e+00 1.850491742277512246e-45
1.283457766815843781e+00 1.850529012007479724e-45
1.290806617764379993e+00 1.850566747748340824e-45
1.298197546926676216e+00 1.850604953994196937e-45
1.305630795235101838e+00 1.850643635310132588e-45
1.313106605001562510e+00 1.850682796332586331e-45
1.320625219925399385e+00 1.850722441769749329e-45
1.328186885101330539e+00 1.850762576401966429e-45
1.335791847027445023e+00 1.850803205082160571e-45
1.343440353613235327e+00 1.850844332736264981e-45
1.351132654187680471e+00 1.850885964363671842e-45
1.358868999507370390e+00 1.850928105037693426e-45
1.366649641764685175e+00 1.850970759906042198e-45
1.374474834596012940e+00 1.851013934191316832e-45
1.382344833090018321e+00 1.851057633191507521e-45
1.390259893795959378e+00 1.851101862280514978e-45
1.398220274732046908e+00 1.851146626908679701e-45
1.406226235393861046e+00 1.851191932603331464e-45
1.414278036762805835e+00 1.851237784969342549e-45
1.422375941314619308e+00 1.851284189689706480e-45
1.430520213027929310e+00 1.851331152526120500e-45
1.438711117392855732e+00 1.851378679319589204e-45
1.446948921419670464e+00 1.851426775991035638e-45
1.455233893647497778e+00 1.851475448541932002e-45
1.463566304153069320e+00 1.851524703054939688e-45
1.471946424559528399e+00 1.851574545694565184e-45
1.480374528045282689e+00 1.851624982707828738e-45
1.488850889352912432e+00 1.851676020424949512e-45
1.497375784798124387e+00 1.851727665260039759e-45
1.505949492278759960e+00 1.851779923711816426e-45
1.514572291283855288e+00 1.851832802364326756e-45
1.523244462902748397e+00 1.851886307887685715e-45
1.531966289834246986e+00 1.851940447038828047e-45
1.540738056395841493e+00 1.851995226662275566e-45
1.549560048532973688e+00 1.852050653690917838e-45
1.558432553828358769e+00 1.852106735146805614e-45
1.567355861511356752e+00 1.852163478141958577e-45
1.576330262467406707e+00 1.852220889879191137e-45
1.585356049247504284e+00 1.852278977652945378e-45
1.594433516077740975e+00 1.852337748850146108e-45
1.603562958868894439e+00 1.852397210951063360e-45
1.612744675226073454e+00 1.852457371530192956e-45
1.621978964458422379e+00 1.852518238257151992e-45
1.631266127588875792e+00 1.852579818897586161e-45
1.640606467363972421e+00 1.852642121314093244e-45
1.650000288263724357e+00 1.852705153467163406e-45
1.659447896511539566e+00 1.852768923416128834e-45
1.668949600084209894e+00 1.852833439320132032e-45
1.678505708721945711e+00 1.852898709439110617e-45
1.688116533938476493e+00 1.852964742134792380e-45
1.697782389031200934e+00 1.853031545871707764e-45
1.707503589091405427e+00 1.853099129218220093e-45
1.717280451014532527e+00 1.853167500847565121e-45
1.727113293510511571e+00 1.853236669538911747e-45
1.737002437114148812e+00 1.853306644178434549e-45
1.746948204195573728e+00 1.853377433760404373e-45
1.756950918970752173e+00 1.853449047388291979e-45
1.767010907512052365e+00 1.853521494275889119e-45
1.777128497758874381e+00 1.853594783748445485e-45
1.787304019528342280e+00 1.853668925243821208e-45
1.797537804526051719e+00 1.853743928313656161e-45
1.807830186356888191e+00 1.853819802624552959e-45
1.818181500535898110e+00 1.853896557959280800e-45
1.828592084499228276e+00 1.853974204217992060e-45
1.839062277615124863e+00 1.854052751419456012e-45
1.849592421194994118e+00 1.854132209702312137e-45
1.860182858504533465e+00 1.854212589326335266e-45
1.870833934774917218e+00 1.854293900673723431e-45
1.881545997214052690e+00 1.854376154250397540e-45
1.892319395017898254e+00 1.854459360687323773e-45
1.903154479381844011e+00 1.854543530741847792e-45
1.914051603512164634e+00 1.854628675299050116e-45
1.925011122637530603e+00 1.854714805373120161e-45
1.936033394020588494e+00 1.854801932108743974e-45
1.947118776969608334e+00 1.854890066782513745e-45
1.958267632850192452e+00 1.854979220804352878e-45
1.969480325097060947e+00 1.855069405718964087e-45
1.980757219225895760e+00 1.855160633207289003e-45
1.992098682845256929e+00 1.855252915087992052e-45
2.003505085668566110e+00 1.855346263318962383e-45
2.014976799526156270e+00 1.855440689998831034e-45
2.026514198377396436e+00 1.855536207368513622e-45
2.038117658322880388e+00 1.855632827812766092e-45
2.049787557616686851e+00 1.855730563861765370e-45
2.061524276678711409e+00 1.855829428192705558e-45
2.073328198107062370e+00 1.855929433631416859e-45
2.085199706690540555e+00 1.856030593154004402e-45
2.097139189421178163e+00 1.856132919888505125e-45
2.109147035506855783e+00 1.856236427116568917e-45
2.121223636383985145e+00 1.856341128275157508e-45
2.133369385730278012e+00 1.856447036958264814e-45
2.145584679477572809e+00 1.856554166918660633e-45
2.157869915824742968e+00 1.856662532069652686e-45
2.170225495250679426e+00 1.856772146486871382e-45
2.182651820527340192e+00 1.856883024410079157e-45
2.195149296732888278e+00 1.856995180244997552e-45
2.207718331264890033e+00 1.857108628565157316e-45
2.220359333853598738e+00 1.857223384113774335e-45
2.233072716575310146e+00 1.857339461805646093e-45
2.245858893865793071e+00 1.857456876729068673e-45
2.258718282533805688e+00 1.857575644147782385e-45
2.271651301774677112e+00 1.857695779502934811e-45
2.284658373183974245e+00 1.857817298415073423e-45
2.297739920771246780e+00 1.857940216686156851e-45
2.310896370973844149e+00 1.858064550301594795e-45
2.324128152670823511e+00 1.858190315432307531e-45
2.337435697196927009e+00 1.858317528436815907e-45
2.350819438356641200e+00 1.858446205863351571e-45
2.364279812438342621e+00 1.858576364451994887e-45
2.377817258228513086e+00 1.858708021136834942e-45
2.391432217026051799e+00 1.858841193048162850e-45
2.405125132656655396e+00 1.858975897514680610e-45
2.418896451487287713e+00 1.859112152065746681e-45
2.432746622440731699e+00 1.859249974433639295e-45
2.446676097010219042e+00 1.859389382555853368e-45
2.460685329274154398e+00 1.859530394577420130e-45
2.474774775910913327e+00 1.859673028853257562e-45
2.488944896213731273e+00 1.859817303950544470e-45
2.503196152105676031e+00 1.859963238651127864e-45
2.517529008154700598e+00 1.860110851953954597e-45
2.531943931588795937e+00 1.860260163077531325e-45
2.546441392311215690e+00 1.860411191462419315e-45
2.561021862915795921e+00 1.860563956773749784e-45
2.575685818702361907e+00 1.860718478903776895e-45
2.590433737692218852e+00 1.860874777974454707e-45
2.605266100643738980e+00 1.861032874340049593e-45
2.620183391068030776e+00 1.861192788589777558e-45
2.635186095244703708e+00 1.861354541550477956e-45
2.650274702237711999e+00 1.861518154289314903e-45
2.665449703911308976e+00 1.861683648116512910e-45
2.680711594946072918e+00 1.861851044588120527e-45
2.696060872855034596e+00 1.862020365508811323e-45
2.711498037999898081e+00 1.862191632934714735e-45
2.727023593607345919e+00 1.862364869176278964e-45
2.742638045785450007e+00 1.862540096801169658e-45
2.758341903540166395e+00 1.862717338637202196e-45
2.774135678791929127e+00 1.862896617775306023e-45
2.790019886392338222e+00 1.863077957572526005e-45
2.805995044140938699e+00 1.863261381655057400e-45
2.822061672802107513e+00 1.863446913921315046e-45
2.838220296122024866e+00 1.863634578545041446e-45
2.854471440845748553e+00 1.863824399978449701e-45
2.870815636734386000e+00 1.864016402955398496e-45
2.887253416582357790e+00 1.864210612494613439e-45
2.903785316234775760e+00 1.864407053902935478e-45
2.920411874604903701e+00 1.864605752778614433e-45
2.937133633691726864e+00 1.864806735014638928e-45
2.953951138597622705e+00 1.865010026802100554e-45
2.970864937546121798e+00 1.865215654633605951e-45
2.987875581899791300e+00 1.865423645306717510e-45
3.004983626178199696e+00 1.865634025927445109e-45
3.022189628075997003e+00 1.865846823913769271e-45
3.039494148481094005e+00 1.866062066999208509e-45
3.056897751492941850e+00 1.866279783236431787e-45
3.074401004440929785e+00 1.866500001000905515e-45
3.092004477902872139e+00 1.866722748994588469e-45
3.109708745723611223e+00 1.866948056249665907e-45
3.127514385033723254e+00 1.867175952132330987e-45
3.145421976268327313e+00 1.867406466346603830e-45
3.163432103186015976e+00 1.867639628938203169e-45
3.181545352887876987e+00 1.867875470298451915e-45
3.199762315836636173e+00 1.868114021168238416e-45
3.218083585875904262e+00 1.868355312642016610e-45
3.236509760249530299e+00 1.868599376171856899e-45
3.255041439621080279e+00 1.868846243571538404e-45
3.273679228093411719e+00 1.869095947020694113e-45
3.292423733228368565e+00 1.869348519069000841e-45
3.311275566066581799e+00 1.869603992640417720e-45
3.330235341147397055e+00 1.869862401037474175e-45
3.349303676528900375e+00 1.870123777945608292e-45
3.368481193808070540e+00 1.870388157437552182e-45
3.387768518141039298e+00 1.870655573977772411e-45
3.407166278263468406e+00 1.870926062426955549e-45
3.426675106511051894e+00 1.871199658046554709e-45
3.446295638840124465e+00 1.871476396503376836e-45
3.466028514848393804e+00 1.871756313874234106e-45
3.485874377795791013e+00 1.872039446650638877e-45
3.505833874625435165e+00 1.872325831743562739e-45
3.525907655984731104e+00 1.872615506488241306e-45
3.546096376246574255e+00 1.872908508649040616e-45
3.566400693530681565e+00 1.873204876424376417e-45
3.586821269725049444e+00 1.873504648451691965e-45
3.607358770507520518e+00 1.873807863812491507e-45
3.628013865367497370e+00 1.874114562037433506e-45
3.648787227627756646e+00 1.874424783111479567e-45
3.669679534466402160e+00 1.874738567479108076e-45
3.690691466938941012e+00 1.875055956049581051e-45
3.711823710000477394e+00 1.875376990202276645e-45
3.733076952528052050e+00 1.875701711792082319e-45
3.754451887343091432e+00 1.876030163154847762e-45
3.775949211233994518e+00 1.876362387112901590e-45
3.797569624978848424e+00 1.876698426980634642e-45
3.819313833368264355e+00 1.877038326570142381e-45
3.841182545228366774e+00 1.877382130196936071e-45
3.863176473443889591e+00 1.877729882685717733e-45
3.885296334981417576e+00 1.878081629376222623e-45
3.907542850912760990e+00 1.878437416129129230e-45
3.929916746438453679e+00 1.878797289332033371e-45
3.952418750911404377e+00 1.879161295905498830e-45
3.975049597860663919e+00 1.879529483309170843e-45
3.997810025015341662e+00 1.879901899547959914e-45
4.020700774328653360e+00 1.880278593178302479e-45
4.043722592002102267e+00 1.880659613314487841e-45
4.066876228509812563e+00 1.881045009635060725e-45
4.090162438622990670e+00 1.881434832389296942e-45
4.113581981434529133e+00 1.881829132403753118e-45
4.137135620383745049e+00 1.882227961088891403e-45
4.160824123281279263e+00 1.882631370445782278e-45
4.184648262334119906e+00 1.883039413072881112e-45
4.208608814170771595e+00 1.883452142172888410e-45
4.232706559866581841e+00 1.883869611559680076e-45
4.256942284969186474e+00 1.884291875665326353e-45
4.281316779524135363e+00 1.884718989547185747e-45
4.305830838100637159e+00 1.885151008895083587e-45
4.330485259817463017e+00 1.885587990038569618e-45
4.355280848368995983e+00 1.886029989954265513e-45
4.380218412051425148e+00 1.886477066273286442e-45
4.405298763789106786e+00 1.886929277288759408e-45
4.430522721161053390e+00 1.887386681963420927e-45
4.455891106427592341e+00 1.887849339937302760e-45
4.481404746557168473e+00 1.888317311535509442e-45
4.507064473253291403e+00 1.888790657776078259e-45
4.532871122981669387e+00 1.889269440377940972e-45
4.558825536997456851e+00 1.889753721768963336e-45
4.584928561372689337e+00 1.890243565094089152e-45
4.611181047023861446e+00 1.890739034223568035e-45
4.637583849739656650e+00 1.891240193761286780e-45
4.664137830208860080e+00 1.891747109053188484e-45
4.690843854048406314e+00 1.892259846195794342e-45
4.717702791831596798e+00 1.892778472044819098e-45
4.744715519116484259e+00 1.893303054223888871e-45
4.771882916474403658e+00 1.893833661133356675e-45
4.799205869518693213e+00 1.894370361959220936e-45
4.826685268933550432e+00 1.894913226682145750e-45
4.854322010503074658e+00 1.895462326086583516e-45
4.882116995140467708e+00 1.896017731770006464e-45
4.910071128917392613e+00 1.896579516152237758e-45
4.938185323093525092e+00 1.897147752484897408e-45
4.966460494146248017e+00 1.897722514860949314e-45
4.994897563800532403e+00 1.898303878224364047e-45
5.023497459058985370e+00 1.898891918379890543e-45
5.052261112232056206e+00 1.899486712002936383e-45
5.081189460968448479e+00 1.900088336649566620e-45
5.110283448285670715e+00 1.900696870766618675e-45
5.139544022600786022e+00 1.901312393701925187e-45
5.168972137761316255e+00 1.901934985714662895e-45
5.198568753076354021e+00 1.902564727985817876e-45
5.228334833347819455e+00 1.903201702628765921e-45
5.258271348901919495e+00 1.903845992699985141e-45
5.288379275620779474e+00 1.904497682209879661e-45
5.318659594974241678e+00 1.905156856133734924e-45
5.349113294051880629e+00 1.905823600422800570e-45
5.379741365595166691e+00 1.906498002015491555e-45
5.410544808029830399e+00 1.907180148848728351e-45
5.441524625498415091e+00 1.907870129869400048e-45
5.472681827892995621e+00 1.908568035045963439e-45
5.504017430888119122e+00 1.909273955380172462e-45
5.535532455973900312e+00 1.909987982918945185e-45
5.567227930489326404e+00 1.910710210766362400e-45
5.599104887655746765e+00 1.911440733095813082e-45
5.631164366610543759e+00 1.912179645162265551e-45
5.663407412441024746e+00 1.912927043314695148e-45
5.695835076218477511e+00 1.913683025008641967e-45
5.728448415032438845e+00 1.914447688818919807e-45
5.761248492025152323e+00 1.915221134452470123e-45
5.794236376426218804e+00 1.916003462761360347e-45
5.827413143587466315e+00 1.916794775755935300e-45
5.860779875017991358e+00 1.917595176618118574e-45
5.894337658419420478e+00 1.918404769714866692e-45
5.928087587721370788e+00 1.919223660611775419e-45
5.962030763117092569e+00 1.920051956086844450e-45
5.996168291099361447e+00 1.920889764144405452e-45
6.030501284496526893e+00 1.921737194029196968e-45
6.065030862508796972e+00 1.922594356240613878e-45
6.099758150744724716e+00 1.923461362547115234e-45
6.134684281257887228e+00 1.924338326000795141e-45
6.169810392583809922e+00 1.925225360952126013e-45
6.205137629777064845e+00 1.926122583064868916e-45
6.240667144448604375e+00 1.927030109331152559e-45
6.276400094803304519e+00 1.927948058086732435e-45
6.312337645677705389e+00 1.928876549026415813e-45
6.348480968578003036e+00 1.929815703219670925e-45
6.384831241718227801e+00 1.930765643126415690e-45
6.421389650058657139e+00 1.931726492612982236e-45
6.458157385344430956e+00 1.932698376968268737e-45
6.495135646144418295e+00 1.933681422920077630e-45
6.532325637890277648e+00 1.934675758651637718e-45
6.569728572915755294e+00 1.935681513818319813e-45
6.607345670496208356e+00 1.936698819564541867e-45
6.645178156888338350e+00 1.937727808540869508e-45
6.683227265370182302e+00 1.938768614921314155e-45
6.721494236281307266e+00 1.939821374420824359e-45
6.759980317063243760e+00 1.940886224312984989e-45
6.798686762300151010e+00 1.941963303447918051e-45
6.837614833759708688e+00 1.943052752270382947e-45
6.876765800434259113e+00 1.944154712838094233e-45
6.916140938582170605e+00 1.945269328840241311e-45
6.955741531769436214e+00 1.946396745616226552e-45
6.995568870911524684e+00 1.947537110174617490e-45
7.035624254315445469e+00 1.948690571212310904e-45
7.075908987722096199e+00 1.949857279133928406e-45
7.116424384348808196e+00 1.951037386071422670e-45
7.157171764932163782e+00 1.952231045903916718e-45
7.198152457771050727e+00 1.953438414277769409e-45
7.239367798769949403e+00 1.954659648626868690e-45
7.280819131482502371e+00 1.955894908193161639e-45
7.322507807155298032e+00 1.957144354047417552e-45
7.364435184771922493e+00 1.958408149110230621e-45
7.406602631097264577e+00 1.959686458173263750e-45
7.449011520722053525e+00 1.960979447920736944e-45
7.491663236107691581e+00 1.962287286951160249e-45
7.534559167631306842e+00 1.963610145799319670e-45
7.577700713631078777e+00 1.964948196958512624e-45
7.621089280451826653e+00 1.966301614903040408e-45
7.664726282490837761e+00 1.967670576110958299e-45
7.708613142244000294e+00 1.969055259087087639e-45
7.752751290352155600e+00 1.970455844386290849e-45
7.797142165647739098e+00 1.971872514637015585e-45
7.841787215201691197e+00 1.973305454565107724e-45
7.886687894370609797e+00 1.974754851017898172e-45
7.931845666844218101e+00 1.976220892988567832e-45
7.977262004693062458e+00 1.977703771640790126e-45
8.022938388416507749e+00 1.979203680333658211e-45
8.068876306990983238e+00 1.980720814646895354e-45
8.115077257918541065e+00 1.982255372406361508e-45
8.161542747275666088e+00 1.983807553709846162e-45
8.208274289762362841e+00 1.985377560953159261e-45
8.255273408751548914e+00 1.986965598856523638e-45
8.302541636338686359e+00 1.988571874491268639e-45
8.350080513391757719e+00 1.990196597306832406e-45
8.397891589601481854e+00 1.991839979158070338e-45
8.445976423531824651e+00 1.993502234332881540e-45
8.494336582670818814e+00 1.995183579580149859e-45
8.542973643481643009e+00 1.996884234138007565e-45
8.591889191454036734e+00 1.998604419762422645e-45
8.641084821155963880e+00 2.000344360756111555e-45
8.690562136285606698e+00 2.002104283997792363e-45
8.740322749723638651e+00 2.003884418971762437e-45
8.790368283585786813e+00 2.005684997797827413e-45
8.840700369275742432e+00 2.007506255261564024e-45
8.891320647538313082e+00 2.009348428844936723e-45
8.942230768512928307e+00 2.011211758757264329e-45
8.993432391787417046e+00 2.013096487966540473e-45
9.044927186452108359e+00 2.015002862231116207e-45
9.096716831154251892e+00 2.016931130131744489e-45
9.148803014152735003e+00 2.018881543103995871e-45
9.201187433373110736e+00 2.020854355471041654e-45
9.253871796462957988e+00 2.022849824476818514e-45
9.306857820847527663e+00 2.024868210319568689e-45
9.360147233785758303e+00 2.026909776185771278e-45
9.413741772426558185e+00 2.028974788284459062e-45
9.467643183865442680e+00 2.031063515881930791e-45
9.521853225201491355e+00 2.033176231336861129e-45
9.576373663594603514e+00 2.035313210135816021e-45
9.631206276323140969e+00 2.037474730929173495e-45
9.686352850841833728e+00 2.039661075567459224e-45
9.741815184840067587e+00 2.041872529138096858e-45
9.797595086300475486e+00 2.044109380002583689e-45
9.853694373557868147e+00 2.046371919834088558e-45
9.910114875358530639e+00 2.048660443655486924e-45
9.966858430919819156e+00 2.050975249877829674e-45
1.002392688999012726e+01 2.053316640339254397e-45
1.008132211290916302e+01 2.055684920344340355e-45
1.013904597066862401e+01 2.058080398703924574e-45
1.019710034497316720e+01 2.060503387775362271e-45
1.025548712830176079e+01 2.062954203503262707e-45
1.031420822396936465e+01 2.065433165460680882e-45
1.037326554618898555e+01 2.067940596890792757e-45
1.043266102013407171e+01 2.070476824749041250e-45
1.049239658200128567e+01 2.073042179745772908e-45
1.055247417907357210e+01 2.075636996389355010e-45
1.061289576978370697e+01 2.078261613029799519e-45
1.067366332377809002e+01 2.080916371902878973e-45
1.073477882198096900e+01 2.083601619174751732e-45
1.079624425665900844e+01 2.086317704987102790e-45
1.085806163148624215e+01 2.089064983502797376e-45
1.092023296160937917e+01 2.091843812952063816e-45
1.098276027371350771e+01 2.094654555679203796e-45
1.104564560608814539e+01 2.097497578189839984e-45
1.110889100869371404e+01 2.100373251198706920e-45
1.117249854322830416e+01 2.103281949677990777e-45
1.123647028319495611e+01 2.106224052906221101e-45
1.130080831396921326e+01 2.109199944517729786e-45
1.136551473286710667e+01 2.112210012552673528e-45
1.143059164921352355e+01 2.115254649507631307e-45
1.149604118441097356e+01 2.118334252386785254e-45
1.156186547200873704e+01 2.121449222753686813e-45
1.162806665777242365e+01 2.124599966783618429e-45
1.169464689975391991e+01 2.127786895316558568e-45
1.176160836836170276e+01 2.131010423910748188e-45
1.182895324643165580e+01 2.134270972896882932e-45
1.189668372929818219e+01 2.137568967432919538e-45
1.196480202486577937e+01 2.140904837559512945e-45
1.203331035368101176e+01 2.144279018256092197e-45
1.210221094900490080e+01 2.147691949497581047e-45
1.217150605688572185e+01 2.151144076311764514e-45
1.224119793623222385e+01 2.154635848837322236e-45
1.231128885888726465e+01 2.158167722382521455e-45
1.238178110970188328e+01 2.161740157484588013e-45
1.245267698660973466e+01 2.165353619969755330e-45
1.252397880070206782e+01 2.169008581014009754e-45
1.259568887630301504e+01 2.172705517204526648e-45
1.266780955104538009e+01 2.176444910601814984e-45
1.274034317594683330e+01 2.180227248802576015e-45
1.281329211548655600e+01 2.184053025003283515e-45
1.288665874768231312e+01 2.187922738064492415e-45
1.296044546416798049e+01 2.191836892575888296e-45
1.303465467027150382e+01 2.195795998922084571e-45
1.310928878509331952e+01 2.199800573349172038e-45
1.318435024158516633e+01 2.203851138032034474e-45
1.325984148662946893e+01 2.207948221142438695e-45
1.333576498111905373e+01 2.212092356917904665e-45
1.341212320003738334e+01 2.216284085731367173e-45
1.348891863253923162e+01 2.220523954161636856e-45
1.356615378203183653e+01 2.224812515064673018e-45
1.364383116625649350e+01 2.229150327645671660e-45
1.372195331737064095e+01 2.233537957531980859e-45
1.380052278203039862e+01 2.237975976846860304e-45
1.387954212147360344e+01 2.242464964284079692e-45
1.395901391160324145e+01 2.247005505183376519e-45
1.403894074307149964e+01 2.251598191606783854e-45
1.411932522136416779e+01 2.256243622415830577e-45
1.420016996688558741e+01 2.260942403349629641e-45
1.428147761504406077e+01 2.265695147103864316e-45
1.436325081633777856e+01 2.270502473410678949e-45
1.444549223644120595e+01 2.275365009119488548e-45
1.452820455629199081e+01 2.280283388278717780e-45
1.461139047217836406e+01 2.285258252218478708e-45
1.469505269582698048e+01 2.290290249634190375e-45
1.477919395449140794e+01 2.295380036671174792e-45
1.486381699104096121e+01 2.300528277010206591e-45
1.494892456405014336e+01 2.305735641954058056e-45
1.503451944788856309e+01 2.311002810515031123e-45
1.512060443281137090e+01 2.316330469503497817e-45
1.520718232505022982e+01 2.321719313617456913e-45
1.529425594690478185e+01 2.327170045533117385e-45
1.538182813683465433e+01 2.332683375996525781e-45
1.546990174955200992e+01 2.338260023916242157e-45
1.555847965611453354e+01 2.343900716457079230e-45
1.564756474401912456e+01 2.349606189134928680e-45
1.573715991729596198e+01 2.355377185912659377e-45
1.582726809660318423e+01 2.361214459297131692e-45
1.591789221932209664e+01 2.367118770437319522e-45
1.600903523965293118e+01 2.373090889223557418e-45
1.610070012871114287e+01 2.379131594387933697e-45
1.619288987462426732e+01 2.385241673605830445e-45
1.628560748262932378e+01 2.391421923598632205e-45
1.637885597517080427e+01 2.397673150237617357e-45
1.647263839199912638e+01 2.403996168649031854e-45
1.656695779026983573e+01 2.410391803320387667e-45
1.666181724464318492e+01 2.416860888207962256e-45
1.675721984738438053e+01 2.423404266845548254e-45
1.685316870846439841e+01 2.430022792454442461e-45
1.694966695566134618e+01 2.436717328054701845e-45
1.704671773466244389e+01 2.443488746577676505e-45
1.714432420916654820e+01 2.450337930979836398e-45
1.724248956098729479e+01 2.457265774357903658e-45
1.734121699015684115e+01 2.464273180065308237e-45
1.744050971503009606e+01 2.471361061829974646e-45
1.754037097238975917e+01 2.478530343873477143e-45
1.764080401755175131e+01 2.485781961031545311e-45
1.774181212447135181e+01 2.493116858875965151e-45
1.784339858584993266e+01 2.500535993837876300e-45
1.794556671324227537e+01 2.508040333332482508e-45
1.804831983716454857e+01 2.515630855885202113e-45
1.815166130720285764e+01 2.523308551259258831e-45
1.825559449212245866e+01 2.531074420584744298e-45
1.836012277997751241e+01 2.538929476489154211e-45
1.846524957822161994e+01 2.546874743229438539e-45
1.857097831381884134e+01 2.554911256825551782e-45
1.867731243335542501e+01 2.563040065195548415e-45
1.878425540315216224e+01 2.571262228292223186e-45
1.889181070937737417e+01 2.579578818241324599e-45
1.899998185816056306e+01 2.587990919481354017e-45
1.910877237570670673e+01 2.596499628904971240e-45
1.921818580841121005e+01 2.605106056002021485e-45
1.932822572297552099e+01 2.613811323004211471e-45
1.943889570652332566e+01 2.622616565031433043e-45
1.955019936671760661e+01 2.631522930239787547e-45
1.966214033187816312e+01 2.640531579971293528e-45
1.977472225109990234e+01 2.649643688905319458e-45
1.988794879437180896e+01 2.658860445211757648e-45
2.000182365269656515e+01 2.668183050705952131e-45
2.011635053821087737e+01 2.677612721005412231e-45
2.023153318430649605e+01 2.687150685688321474e-45
2.034737534575189599e+01 2.696798188453866112e-45
2.046388079881472066e+01 2.706556487284410630e-45
2.058105334138478071e+01 2.716426854609524299e-45
2.069889679309799391e+01 2.726410577471909473e-45
2.081741499546081542e+01 2.736508957695218268e-45
2.093661181197547805e+01 2.746723312053804591e-45
2.105649112826594305e+01 2.757054972444424605e-45
2.117705685220456857e+01 2.767505286059909876e-45
2.129831291403948867e+01 2.778075615564831590e-45
2.142026326652274548e+01 2.788767339273187858e-45
2.154291188503912480e+01 2.799581851328126578e-45
2.166626276773579463e+01 2.810520561883735889e-45
2.179031993565253345e+01 2.821584897288914363e-45
2.191508743285293548e+01 2.832776300273367282e-45
2.204056932655617018e+01 2.844096230135728701e-45
2.216676970726958018e+01 2.855546162933844457e-45
2.229369268892202527e+01 2.867127591677240691e-45
2.242134240899798669e+01 2.878842026521809020e-45
2.254972302867244949e+01 2.890690994966717673e-45
2.267883873294654862e+01 2.902676042053593407e-45
2.280869373078401452e+01 2.914798730567985404e-45
2.293929225524827586e+01 2.927060641243137286e-45
2.307063856364061039e+01 2.939463372966118892e-45
2.320273693763882150e+01 2.952008542986303518e-45
2.333559168343683865e+01 2.964697787126251585e-45
2.346920713188508145e+01 2.977532759995011339e-45
2.360358763863166232e+01 2.990515135203872030e-45
2.373873758426435643e+01 3.003646605584595107e-45
2.387466137445339953e+01 3.016928883410147677e-45
2.401136344009512058e+01 3.030363700617976825e-45
2.414884823745639153e+01 3.043952809035842843e-45
2.428712024831980187e+01 3.057697980610241845e-45
2.442618398012991321e+01 3.071601007637475044e-45
2.456604396614007513e+01 3.085663702997337281e-45
2.470670476556025363e+01 3.099887900389515688e-45
2.484817096370563050e+01 3.114275454572693496e-45
2.499044717214609435e+01 3.128828241606396315e-45
2.513353802885655242e+01 3.143548159095623849e-45
2.527744819836814472e+01 3.158437126438288182e-45
2.542218237192027530e+01 3.173497085075491010e-45
2.556774526761358501e+01 3.188729998744678385e-45
2.571414163056363833e+01 3.204137853735693530e-45
2.586137623305576483e+01 3.219722659149793669e-45
2.600945387470052950e+01 3.235486447161615320e-45
2.615837938259021200e+01 3.251431273284159622e-45
2.630815761145615994e+01 3.267559216636823204e-45
2.645879344382705156e+01 3.283872380216501357e-45
2.661029179018806090e+01 3.300372891171812045e-45
2.676265758914092174e+01 3.317062901080456942e-45
2.691589580756492595e+01 3.333944586229784210e-45
2.707001144077885968e+01 3.351020147900560483e-45
2.722500951270373193e+01 3.368291812653998112e-45
2.738089507602671091e+01 3.385761832622104260e-45
2.753767321236573551e+01 3.403432485801333784e-45
2.769534903243517121e+01 3.421306076349629940e-45
2.785392767621243948e+01 3.439384934886877784e-45
2.801341431310554597e+01 3.457671418798799518e-45
2.817381414212161417e+01 3.476167912544348421e-45
2.833513239203635692e+01 3.494876827966629364e-45
2.849737432156455696e+01 3.513800604607390086e-45
2.866054521953137169e+01 3.532941710025114978e-45
2.882465040504492038e+01 3.552302640116801019e-45
2.898969522766956430e+01 3.571885919443390987e-45
2.915568506760031298e+01 3.591694101558972833e-45
2.932262533583821806e+01 3.611729769343745223e-45
2.949052147436676563e+01 3.631995535340813971e-45
2.965937895632925958e+01 3.652494042096846742e-45
2.982920328620726380e+01 3.673227962506657586e-45
2.999999999999999645e+01 3.694200000161728154e-45
